Presentation Data
SampleTime, PercentMoisture
Time: 1469792582, Moistures: 0.67, 12.19, 8.39, 6.63, 0.59, 1.55, 0.35, Rain: 0.01
Time: 1469792587, Moistures: 0.53, 12.34, 8.12, 6.42, 0.38, 1.58, 0.62, Rain: 0.01
Time: 1469792592, Moistures: 0.23, 12.41, 7.95, 6.25, 0.23, 1.38, 0.50, Rain: 0.01
Time: 1469792597, Moistures: 0.29, 12.41, 7.98, 6.25, 0.26, 1.41, 0.32, Rain: 0.01
Time: 1469792602, Moistures: 0.29, 13.07, 8.18, 6.33, 0.50, 1.50, 0.29, Rain: 0.01
Time: 1469792607, Moistures: 0.53, 12.19, 8.18, 6.60, 0.67, 1.14, 0.59, Rain: 0.01
Time: 1469792612, Moistures: 0.38, 12.27, 7.98, 6.30, 0.26, 1.52, 0.26, Rain: 0.01
Time: 1469792617, Moistures: 0.41, 12.19, 8.36, 6.66, 0.70, 1.17, 0.53, Rain: 0.01
Time: 1469792622, Moistures: 0.29, 13.00, 7.98, 6.28, 0.23, 1.32, 0.35, Rain: 0.01
Time: 1469792627, Moistures: 0.41, 12.27, 8.06, 6.30, 0.26, 1.55, 0.26, Rain: 0.01
Time: 1469792632, Moistures: 0.38, 12.19, 8.04, 6.25, 0.26, 1.50, 0.26, Rain: 0.01
Time: 1469792637, Moistures: 0.47, 12.34, 8.24, 6.33, 0.32, 1.44, 0.26, Rain: 0.01
Time: 1469792642, Moistures: 0.41, 12.49, 7.95, 6.28, 0.32, 1.23, 0.32, Rain: 0.01
Time: 1469792647, Moistures: 0.23, 13.00, 7.98, 6.28, 0.35, 1.17, 0.29, Rain: 0.01
Time: 1469792652, Moistures: 0.23, 12.78, 8.01, 6.63, 0.53, 1.17, 0.67, Rain: 0.01
Time: 1469792657, Moistures: 0.47, 12.19, 8.09, 6.28, 0.26, 1.35, 0.26, Rain: 0.01
Time: 1469792662, Moistures: 0.29, 12.34, 8.39, 6.42, 0.32, 1.41, 0.23, Rain: 0.01
Time: 1469792667, Moistures: 0.38, 12.41, 8.04, 6.45, 0.65, 1.14, 0.67, Rain: 0.01
Time: 1469792672, Moistures: 0.35, 12.27, 8.56, 6.39, 0.29, 1.38, 0.53, Rain: 0.01
Time: 1469792677, Moistures: 0.23, 13.00, 9.53, 6.60, 0.62, 1.17, 0.59, Rain: 0.01
Time: 1469792682, Moistures: 0.29, 12.34, 10.67, 6.36, 0.26, 1.52, 0.23, Rain: 0.01
Time: 1469792687, Moistures: 0.26, 13.00, 10.85, 6.33, 0.65, 1.17, 0.67, Rain: 0.01
Time: 1469792692, Moistures: 0.65, 12.05, 10.29, 6.30, 0.26, 1.20, 0.47, Rain: 0.01
Time: 1469792697, Moistures: 0.21, 13.00, 13.22, 6.39, 0.38, 1.38, 0.35, Rain: 0.01
Time: 1469792702, Moistures: 0.26, 13.07, 15.81, 6.36, 0.47, 1.23, 0.53, Rain: 0.01
Time: 1469792707, Moistures: 0.29, 12.71, 16.79, 6.25, 0.23, 1.29, 0.26, Rain: 0.01
Time: 1469792712, Moistures: 0.26, 12.63, 18.77, 6.28, 0.26, 1.70, 0.23, Rain: 0.01
Time: 1469792717, Moistures: 0.56, 12.19, 19.90, 6.48, 0.53, 1.23, 0.32, Rain: 0.01
Time: 1469792722, Moistures: 0.62, 12.27, 21.45, 6.25, 0.21, 1.52, 0.29, Rain: 0.01
Time: 1469792727, Moistures: 0.65, 12.12, 22.43, 6.36, 0.23, 1.58, 0.21, Rain: 0.01
Time: 1469792732, Moistures: 0.47, 12.19, 23.84, 6.36, 0.44, 1.29, 0.35, Rain: 0.01
Time: 1469792737, Moistures: 0.65, 12.19, 25.82, 6.39, 0.91, 1.47, 0.32, Rain: 0.01
Time: 1469792742, Moistures: 0.23, 13.07, 29.63, 6.33, 1.76, 1.32, 0.53, Rain: 0.01
Time: 1469792747, Moistures: 0.65, 12.12, 29.06, 6.30, 1.88, 1.70, 0.32, Rain: 0.01
Time: 1469792752, Moistures: 0.23, 13.00, 30.61, 6.28, 2.38, 1.58, 0.23, Rain: 0.01
Time: 1469792757, Moistures: 0.65, 12.05, 30.75, 6.33, 2.64, 1.29, 0.44, Rain: 0.01
Time: 1469792762, Moistures: 0.26, 12.34, 32.16, 6.66, 3.58, 1.32, 0.38, Rain: 0.01
Time: 1469792767, Moistures: 0.29, 12.71, 32.73, 6.28, 3.28, 1.52, 0.32, Rain: 0.01
Time: 1469792772, Moistures: 0.29, 13.00, 33.86, 6.25, 3.40, 1.55, 0.21, Rain: 0.01
Time: 1469792777, Moistures: 0.59, 12.12, 33.01, 6.25, 3.31, 1.41, 0.23, Rain: 0.01
Time: 1469792782, Moistures: 0.65, 12.12, 33.43, 6.28, 3.43, 1.29, 0.38, Rain: 0.01
Time: 1469792787, Moistures: 0.59, 12.05, 33.71, 6.33, 3.43, 1.52, 0.21, Rain: 0.01
Time: 1469792792, Moistures: 0.32, 12.93, 34.70, 6.28, 3.70, 1.47, 0.23, Rain: 0.01
Time: 1469792797, Moistures: 0.59, 12.12, 34.56, 6.36, 3.81, 1.29, 0.59, Rain: 0.01
Time: 1469792802, Moistures: 0.26, 13.00, 35.27, 6.25, 4.05, 1.50, 0.21, Rain: 0.01
Time: 1469792807, Moistures: 0.29, 12.85, 35.27, 6.25, 3.90, 1.61, 0.21, Rain: 0.01
Time: 1469792812, Moistures: 0.23, 12.34, 35.69, 6.57, 4.02, 0.97, 0.65, Rain: 0.01
Time: 1469792817, Moistures: 0.21, 13.00, 35.69, 6.22, 4.22, 1.61, 0.23, Rain: 0.01
Time: 1469792822, Moistures: 0.65, 12.19, 35.41, 6.28, 4.16, 1.44, 0.26, Rain: 0.01
Time: 1469792827, Moistures: 0.41, 12.41, 35.97, 6.66, 4.55, 1.35, 0.56, Rain: 0.01
Time: 1469792832, Moistures: 0.29, 12.56, 36.82, 6.22, 4.63, 1.64, 0.21, Rain: 0.01
Time: 1469792837, Moistures: 0.38, 12.27, 36.53, 6.22, 4.81, 1.61, 0.23, Rain: 0.01
Time: 1469792842, Moistures: 0.56, 12.12, 36.39, 6.39, 4.72, 1.17, 0.29, Rain: 0.01
Time: 1469792847, Moistures: 0.35, 12.63, 37.80, 6.10, 4.84, 1.35, 0.26, Rain: 0.01
Time: 1469792852, Moistures: 0.29, 13.00, 37.24, 6.48, 5.37, 1.73, 0.35, Rain: 0.01
Time: 1469792857, Moistures: 0.41, 12.34, 37.66, 6.54, 5.28, 1.32, 0.32, Rain: 0.01
Time: 1469792862, Moistures: 0.62, 12.19, 38.23, 6.66, 5.22, 1.20, 0.65, Rain: 0.01
Time: 1469792867, Moistures: 0.35, 12.34, 39.64, 6.22, 5.40, 1.50, 0.41, Rain: 0.01
Time: 1469792872, Moistures: 0.41, 12.34, 38.65, 6.54, 5.45, 1.29, 0.67, Rain: 0.01
Time: 1469792877, Moistures: 0.65, 12.27, 39.35, 6.33, 5.81, 1.64, 0.26, Rain: 0.01
Time: 1469792882, Moistures: 0.59, 12.34, 39.78, 6.36, 5.81, 1.67, 0.26, Rain: 0.01
Time: 1469792887, Moistures: 0.29, 13.00, 39.64, 6.30, 5.81, 1.61, 0.26, Rain: 0.01
Time: 1469792892, Moistures: 0.65, 12.41, 40.04, 6.25, 6.10, 1.44, 0.32, Rain: 0.01
Time: 1469792897, Moistures: 0.35, 12.85, 40.74, 6.25, 6.19, 1.38, 0.50, Rain: 0.01
Time: 1469792902, Moistures: 0.38, 12.85, 40.74, 6.42, 5.87, 1.35, 0.38, Rain: 0.01
Time: 1469792907, Moistures: 0.44, 11.39, 40.12, 6.22, 6.36, 1.32, 0.62, Rain: 0.01
Time: 1469792912, Moistures: 0.41, 12.05, 41.35, 6.63, 6.04, 1.58, 0.29, Rain: 0.01
Time: 1469792917, Moistures: 0.38, 12.71, 40.66, 6.36, 6.69, 1.52, 0.38, Rain: 0.01
Time: 1469792922, Moistures: 0.41, 12.78, 40.74, 6.63, 8.06, 1.35, 0.32, Rain: 0.01
Time: 1469792927, Moistures: 0.41, 12.71, 40.81, 6.33, 6.80, 0.76, 0.38, Rain: 0.01
Time: 1469792932, Moistures: 0.47, 12.19, 41.05, 6.63, 6.98, 1.38, 0.29, Rain: 0.01
Time: 1469792937, Moistures: 0.23, 12.19, 40.58, 6.28, 6.95, 0.97, 0.32, Rain: 0.01
Time: 1469792942, Moistures: 0.59, 11.61, 41.82, 6.63, 7.04, 1.14, 0.38, Rain: 0.01
Time: 1469792947, Moistures: 0.23, 10.65, 41.28, 6.51, 6.98, 1.26, 0.38, Rain: 0.01
Time: 1469792952, Moistures: 0.44, 11.17, 41.28, 6.48, 7.27, 1.41, 0.32, Rain: 0.01
Time: 1469792957, Moistures: 0.26, 10.95, 41.20, 6.30, 7.89, 1.11, 0.29, Rain: 0.01
Time: 1469792962, Moistures: 0.29, 11.90, 41.12, 6.51, 7.13, 1.52, 0.62, Rain: 0.01
Time: 1469792967, Moistures: 0.41, 12.27, 42.05, 6.66, 7.24, 1.17, 0.62, Rain: 0.01
Time: 1469792972, Moistures: 0.59, 12.34, 42.43, 6.30, 8.91, 1.09, 0.26, Rain: 0.01
Time: 1469792977, Moistures: 0.23, 11.83, 42.05, 6.30, 10.26, 1.50, 0.29, Rain: 0.01
Time: 1469792982, Moistures: 0.53, 12.34, 43.05, 6.66, 10.29, 1.58, 0.50, Rain: 0.01
Time: 1469792987, Moistures: 0.67, 12.71, 42.51, 6.28, 10.62, 1.23, 0.26, Rain: 0.01
Time: 1469792992, Moistures: 0.56, 12.93, 42.97, 6.36, 9.38, 1.26, 0.67, Rain: 0.01
Time: 1469792997, Moistures: 0.38, 12.93, 42.43, 6.22, 9.12, 1.26, 0.29, Rain: 0.01
Time: 1469793002, Moistures: 0.26, 12.12, 43.21, 6.36, 9.15, 1.17, 0.23, Rain: 0.01
Time: 1469793007, Moistures: 0.32, 12.05, 42.90, 6.66, 8.62, 1.20, 0.23, Rain: 0.01
Time: 1469793012, Moistures: 0.67, 12.93, 42.43, 6.25, 9.30, 1.17, 0.29, Rain: 0.01
Time: 1469793017, Moistures: 0.67, 13.00, 42.36, 6.25, 10.79, 1.32, 0.59, Rain: 0.01
Time: 1469793022, Moistures: 0.35, 12.49, 42.20, 6.54, 11.24, 1.38, 0.65, Rain: 0.01
Time: 1469793027, Moistures: 0.50, 13.15, 42.05, 6.36, 9.44, 1.09, 0.38, Rain: 0.01
Time: 1469793032, Moistures: 0.32, 12.12, 43.82, 6.36, 9.85, 1.20, 0.38, Rain: 0.01
Time: 1469793037, Moistures: 0.62, 13.07, 42.82, 6.63, 9.06, 1.00, 0.26, Rain: 0.01
Time: 1469793042, Moistures: 0.35, 13.00, 42.97, 6.25, 8.83, 1.47, 0.50, Rain: 0.01
Time: 1469793047, Moistures: 0.59, 13.00, 42.67, 6.36, 8.74, 1.03, 0.29, Rain: 0.01
Time: 1469793052, Moistures: 0.56, 12.27, 43.36, 6.30, 8.83, 0.79, 0.67, Rain: 0.01
Time: 1469793057, Moistures: 0.23, 12.34, 42.97, 6.22, 9.09, 0.50, 0.38, Rain: 0.01
Time: 1469793062, Moistures: 0.62, 12.78, 42.28, 6.63, 9.47, 0.29, 0.32, Rain: 0.01
Time: 1469793067, Moistures: 0.50, 12.63, 42.74, 6.57, 9.47, 0.32, 0.29, Rain: 0.01
Time: 1469793072, Moistures: 0.47, 12.71, 43.13, 6.30, 9.47, 0.79, 0.53, Rain: 0.01
Time: 1469793077, Moistures: 0.29, 12.12, 43.98, 6.36, 10.21, 0.62, 0.47, Rain: 0.01
Time: 1469793082, Moistures: 0.44, 12.41, 43.59, 6.63, 10.06, 0.53, 0.29, Rain: 0.01
Time: 1469793087, Moistures: 0.35, 12.78, 43.13, 6.30, 9.82, 0.91, 0.73, Rain: 0.01
Time: 1469793092, Moistures: 0.73, 12.71, 42.90, 6.45, 9.91, 0.47, 0.38, Rain: 0.01
Time: 1469793097, Moistures: 0.41, 13.00, 43.13, 6.36, 10.03, 0.50, 0.38, Rain: 0.01
Time: 1469793102, Moistures: 0.29, 12.27, 44.13, 6.28, 10.00, 0.62, 0.35, Rain: 0.01
Time: 1469793107, Moistures: 0.29, 12.41, 43.05, 6.57, 10.21, 0.50, 0.41, Rain: 0.01
Time: 1469793112, Moistures: 0.35, 12.34, 43.21, 6.33, 10.03, 0.56, 0.44, Rain: 0.01
Time: 1469793117, Moistures: 0.32, 12.85, 43.05, 6.72, 10.47, 0.67, 0.62, Rain: 0.01
Time: 1469793122, Moistures: 0.29, 12.19, 43.59, 6.33, 10.18, 0.62, 0.29, Rain: 0.01
Time: 1469793127, Moistures: 0.44, 12.27, 44.13, 6.28, 10.26, 0.65, 0.38, Rain: 0.01
Time: 1469793132, Moistures: 0.38, 12.93, 43.21, 6.72, 10.47, 0.53, 0.62, Rain: 0.01
Time: 1469793137, Moistures: 0.38, 12.12, 43.75, 6.30, 10.32, 0.62, 0.35, Rain: 0.01
Time: 1469793142, Moistures: 0.44, 12.41, 44.29, 6.30, 10.38, 0.97, 0.41, Rain: 0.01
Time: 1469793147, Moistures: 0.73, 12.49, 43.98, 6.39, 10.76, 0.76, 0.73, Rain: 0.01
Time: 1469793152, Moistures: 0.67, 12.63, 43.98, 6.36, 10.56, 1.06, 0.38, Rain: 0.01
Time: 1469793157, Moistures: 0.38, 13.00, 43.52, 6.69, 10.73, 0.62, 0.70, Rain: 0.01
Time: 1469793162, Moistures: 0.65, 12.41, 44.52, 6.28, 10.62, 0.62, 0.32, Rain: 0.01
Time: 1469793167, Moistures: 0.38, 12.41, 43.90, 6.45, 10.21, 0.82, 0.59, Rain: 0.01
Time: 1469793172, Moistures: 0.32, 12.63, 43.90, 6.60, 10.15, 0.85, 0.47, Rain: 0.01
Time: 1469793177, Moistures: 0.73, 12.41, 44.29, 6.30, 10.73, 0.79, 0.44, Rain: 0.01
Time: 1469793182, Moistures: 0.32, 12.78, 43.21, 6.66, 10.51, 0.85, 0.41, Rain: 0.01
Time: 1469793187, Moistures: 0.44, 12.05, 43.52, 6.48, 11.00, 0.73, 0.56, Rain: 0.01
Time: 1469793192, Moistures: 0.29, 12.27, 42.97, 6.51, 11.00, 0.67, 0.41, Rain: 0.01
Time: 1469793197, Moistures: 0.44, 12.12, 43.28, 6.54, 10.43, 0.70, 0.65, Rain: 0.01
Time: 1469793202, Moistures: 0.70, 12.19, 43.98, 6.30, 10.91, 0.59, 0.35, Rain: 0.01
Time: 1469793207, Moistures: 0.38, 13.07, 43.28, 6.36, 10.65, 1.14, 0.38, Rain: 0.01
Time: 1469793212, Moistures: 0.38, 13.00, 43.52, 6.72, 11.39, 0.79, 0.56, Rain: 0.01
Time: 1469793217, Moistures: 0.44, 12.12, 43.67, 6.51, 11.24, 0.59, 0.65, Rain: 0.01
Time: 1469793222, Moistures: 0.47, 13.15, 44.21, 6.33, 10.73, 0.65, 0.47, Rain: 0.01
Time: 1469793227, Moistures: 1.35, 13.73, 44.98, 7.27, 13.44, 1.52, 1.06, Rain: 0.01
Time: 1469793232, Moistures: 0.67, 12.19, 44.44, 6.33, 11.24, 0.94, 0.79, Rain: 0.01
Time: 1469793237, Moistures: 0.41, 12.34, 43.44, 6.42, 11.09, 0.62, 0.65, Rain: 0.01
Time: 1469793242, Moistures: 0.65, 12.12, 43.44, 6.95, 12.05, 0.85, 0.38, Rain: 0.01
Time: 1469793247, Moistures: 0.67, 12.12, 48.61, 7.10, 12.12, 0.85, 0.44, Rain: 0.01
Time: 1469793252, Moistures: 0.44, 12.12, 48.76, 7.48, 12.85, 0.88, 0.88, Rain: 0.01
Time: 1469793257, Moistures: 0.29, 12.93, 47.68, 7.60, 11.61, 0.91, 0.56, Rain: 0.01
Time: 1469793262, Moistures: 0.85, 12.78, 48.07, 7.83, 13.15, 0.56, 0.73, Rain: 0.01
Time: 1469793267, Moistures: 0.76, 13.80, 49.07, 8.15, 12.78, 1.03, 0.85, Rain: 0.01
Time: 1469793272, Moistures: 0.32, 12.85, 47.91, 8.48, 13.29, 0.73, 0.65, Rain: 0.01
Time: 1469793277, Moistures: 0.38, 12.41, 46.29, 9.71, 13.15, 0.94, 0.91, Rain: 0.01
Time: 1469793282, Moistures: 0.67, 12.27, 47.91, 10.32, 12.34, 0.65, 0.73, Rain: 0.01
Time: 1469793287, Moistures: 0.53, 12.34, 47.84, 10.80, 12.12, 0.59, 0.70, Rain: 0.01
Time: 1469793292, Moistures: 1.03, 13.15, 48.76, 12.56, 13.44, 1.38, 0.94, Rain: 0.01
Time: 1469793297, Moistures: 0.88, 12.85, 48.45, 14.46, 13.15, 0.56, 0.76, Rain: 0.01
Time: 1469793302, Moistures: 0.70, 12.93, 49.15, 14.83, 13.59, 1.26, 0.82, Rain: 0.01
Time: 1469793307, Moistures: 0.32, 13.07, 48.38, 14.32, 13.15, 1.03, 0.56, Rain: 0.01
Time: 1469793312, Moistures: 0.50, 12.34, 47.99, 15.38, 13.00, 0.56, 0.91, Rain: 0.01
Time: 1469793317, Moistures: 0.65, 12.05, 47.68, 14.32, 12.71, 0.56, 0.82, Rain: 0.01
Time: 1469793322, Moistures: 0.38, 12.19, 48.07, 15.53, 13.80, 0.79, 0.44, Rain: 0.01
Time: 1469793327, Moistures: 0.41, 12.12, 47.61, 14.39, 13.73, 0.88, 0.56, Rain: 0.01
Time: 1469793332, Moistures: 0.23, 12.93, 48.61, 14.39, 13.37, 0.53, 0.85, Rain: 0.01
Time: 1469793337, Moistures: 0.26, 12.49, 48.76, 14.54, 13.22, 0.59, 0.82, Rain: 0.01
Time: 1469793342, Moistures: 0.38, 12.19, 48.22, 16.23, 14.32, 0.97, 0.38, Rain: 0.01
Time: 1469793347, Moistures: 0.67, 11.97, 48.07, 19.90, 14.17, 0.85, 0.41, Rain: 0.01
Time: 1469793352, Moistures: 0.35, 12.56, 48.38, 22.72, 13.80, 0.70, 0.73, Rain: 0.01
Time: 1469793357, Moistures: 0.65, 11.90, 47.68, 24.69, 14.54, 1.00, 0.35, Rain: 0.01
Time: 1469793362, Moistures: 0.38, 12.27, 48.07, 24.83, 13.88, 0.65, 0.53, Rain: 0.01
Time: 1469793367, Moistures: 0.29, 12.71, 48.61, 25.54, 14.24, 0.62, 0.50, Rain: 0.01
Time: 1469793372, Moistures: 0.29, 12.19, 47.99, 27.37, 14.76, 0.85, 0.47, Rain: 0.01
Time: 1469793377, Moistures: 0.50, 12.19, 47.91, 26.66, 15.10, 0.94, 0.38, Rain: 0.01
Time: 1469793382, Moistures: 0.53, 11.90, 47.61, 26.81, 14.68, 0.97, 0.44, Rain: 0.01
Time: 1469793387, Moistures: 0.35, 12.63, 48.53, 26.95, 14.24, 0.65, 0.82, Rain: 0.01
Time: 1469793392, Moistures: 0.62, 12.05, 47.84, 27.09, 14.54, 0.59, 0.82, Rain: 0.01
Time: 1469793397, Moistures: 0.65, 11.90, 47.84, 27.37, 14.83, 0.85, 0.65, Rain: 0.01
Time: 1469793402, Moistures: 0.65, 11.90, 47.99, 27.93, 14.68, 0.59, 0.59, Rain: 0.01
Time: 1469793407, Moistures: 0.65, 12.12, 47.91, 27.79, 14.61, 0.53, 0.85, Rain: 0.01
Time: 1469793412, Moistures: 0.23, 12.85, 48.92, 29.91, 15.95, 0.76, 0.53, Rain: 0.01
Time: 1469793417, Moistures: 0.26, 12.19, 47.99, 29.77, 17.36, 0.79, 0.50, Rain: 0.01
Time: 1469793422, Moistures: 0.26, 12.19, 47.91, 28.92, 16.09, 0.67, 0.79, Rain: 0.01
Time: 1469793427, Moistures: 0.35, 11.97, 48.07, 29.06, 15.95, 0.59, 0.56, Rain: 0.01
Time: 1469793432, Moistures: 0.67, 12.27, 48.84, 30.19, 17.36, 0.91, 0.50, Rain: 0.01
Time: 1469793437, Moistures: 0.38, 12.56, 48.92, 31.60, 18.49, 0.97, 0.53, Rain: 0.01
Time: 1469793442, Moistures: 0.29, 12.05, 48.22, 30.75, 18.20, 0.97, 0.53, Rain: 0.01
Time: 1469793447, Moistures: 0.38, 12.78, 48.92, 32.59, 19.33, 0.67, 0.79, Rain: 0.01
Time: 1469793452, Moistures: 0.32, 11.97, 48.15, 31.18, 17.92, 0.76, 0.50, Rain: 0.01
Time: 1469793457, Moistures: 0.38, 11.97, 48.22, 31.88, 18.20, 0.76, 0.50, Rain: 0.01
Time: 1469793462, Moistures: 0.29, 12.93, 48.53, 32.02, 17.50, 0.65, 0.91, Rain: 0.01
Time: 1469793467, Moistures: 0.41, 11.97, 48.07, 32.16, 18.49, 0.62, 0.56, Rain: 0.01
Time: 1469793472, Moistures: 0.62, 12.27, 49.15, 34.14, 19.61, 0.82, 0.82, Rain: 0.01
Time: 1469793477, Moistures: 0.50, 11.97, 48.22, 33.15, 19.76, 0.91, 0.59, Rain: 0.01
Time: 1469793482, Moistures: 0.47, 12.12, 48.38, 33.29, 19.47, 0.91, 0.56, Rain: 0.01
Time: 1469793487, Moistures: 0.50, 11.97, 47.99, 33.15, 19.19, 0.70, 0.59, Rain: 0.01
Time: 1469793492, Moistures: 0.29, 12.93, 48.92, 35.41, 19.76, 0.70, 0.79, Rain: 0.01
Time: 1469793497, Moistures: 0.32, 12.93, 48.15, 34.70, 19.47, 0.62, 0.91, Rain: 0.01
Time: 1469793502, Moistures: 0.29, 12.12, 48.38, 34.42, 19.61, 0.73, 0.70, Rain: 0.01
Time: 1469793507, Moistures: 0.26, 12.05, 48.38, 34.84, 20.46, 0.85, 0.70, Rain: 0.01
Time: 1469793512, Moistures: 0.23, 12.34, 48.15, 35.55, 19.33, 0.65, 0.97, Rain: 0.01
Time: 1469793517, Moistures: 0.53, 12.49, 49.07, 36.96, 20.88, 0.82, 0.62, Rain: 0.01
Time: 1469793522, Moistures: 0.29, 12.27, 47.99, 36.53, 20.46, 0.67, 1.06, Rain: 0.01
Time: 1469793527, Moistures: 0.62, 12.27, 48.61, 36.82, 19.90, 0.70, 0.67, Rain: 0.01
Time: 1469793532, Moistures: 0.26, 12.27, 48.30, 37.24, 20.04, 0.56, 1.09, Rain: 0.01
Time: 1469793537, Moistures: 0.47, 11.97, 47.91, 37.24, 20.32, 0.85, 0.65, Rain: 0.01
Time: 1469793542, Moistures: 0.23, 12.19, 48.30, 37.52, 20.32, 0.59, 0.79, Rain: 0.01
Time: 1469793547, Moistures: 0.26, 12.12, 48.30, 38.09, 19.61, 0.59, 0.79, Rain: 0.01
Time: 1469793552, Moistures: 0.29, 12.12, 48.15, 38.51, 20.46, 0.70, 0.73, Rain: 0.01
Time: 1469793557, Moistures: 0.32, 13.00, 49.15, 40.50, 22.01, 0.73, 0.85, Rain: 0.01
Time: 1469793562, Moistures: 0.35, 11.97, 48.45, 39.21, 20.46, 0.67, 0.79, Rain: 0.01
Time: 1469793567, Moistures: 0.29, 12.05, 48.30, 40.27, 20.74, 0.85, 0.70, Rain: 0.01
Time: 1469793572, Moistures: 0.44, 12.56, 49.61, 41.28, 21.17, 0.88, 0.85, Rain: 0.01
Time: 1469793577, Moistures: 0.23, 12.19, 48.38, 40.50, 20.04, 0.65, 0.79, Rain: 0.01
Time: 1469793582, Moistures: 0.65, 12.12, 48.92, 41.35, 22.58, 0.85, 0.73, Rain: 0.01
Time: 1469793587, Moistures: 0.26, 12.93, 48.92, 41.97, 24.55, 1.03, 0.91, Rain: 0.01
Time: 1469793592, Moistures: 0.35, 12.93, 49.30, 42.13, 21.17, 0.76, 1.06, Rain: 0.01
Time: 1469793597, Moistures: 0.32, 12.85, 48.45, 42.51, 22.58, 1.00, 0.85, Rain: 0.01
Time: 1469793602, Moistures: 0.67, 12.34, 49.07, 42.67, 21.73, 1.00, 0.82, Rain: 0.01
Time: 1469793607, Moistures: 0.26, 12.19, 48.53, 42.59, 20.88, 0.79, 1.03, Rain: 0.01
Time: 1469793612, Moistures: 0.41, 12.05, 48.15, 42.82, 21.17, 1.06, 0.88, Rain: 0.01
Time: 1469793617, Moistures: 0.23, 12.27, 48.38, 43.21, 20.60, 0.47, 0.91, Rain: 0.01
Time: 1469793622, Moistures: 0.38, 12.56, 49.46, 44.29, 22.86, 1.11, 1.17, Rain: 0.01
Time: 1469793627, Moistures: 0.23, 12.19, 48.22, 43.52, 20.88, 0.53, 0.97, Rain: 0.01
Time: 1469793632, Moistures: 0.26, 12.12, 48.38, 43.75, 20.46, 0.70, 0.88, Rain: 0.01
Time: 1469793637, Moistures: 0.26, 12.05, 48.53, 44.06, 21.17, 0.97, 0.97, Rain: 0.01
Time: 1469793642, Moistures: 0.56, 12.19, 48.84, 44.67, 22.01, 1.09, 0.97, Rain: 0.01
Time: 1469793647, Moistures: 0.59, 12.12, 48.76, 44.44, 21.17, 0.94, 0.91, Rain: 0.01
Time: 1469793652, Moistures: 0.65, 12.41, 49.38, 45.21, 22.43, 1.11, 1.03, Rain: 0.01
Time: 1469793657, Moistures: 0.35, 12.05, 48.53, 44.83, 21.17, 0.76, 1.00, Rain: 0.01
Time: 1469793662, Moistures: 0.26, 12.19, 48.53, 44.90, 21.17, 0.59, 1.32, Rain: 0.01
Time: 1469793667, Moistures: 0.23, 12.27, 48.61, 45.14, 21.59, 0.67, 1.35, Rain: 0.01
Time: 1469793672, Moistures: 0.62, 12.71, 49.54, 46.37, 23.00, 1.09, 1.06, Rain: 0.01
Time: 1469793677, Moistures: 0.50, 12.05, 48.84, 45.44, 21.59, 0.79, 1.11, Rain: 0.01
Time: 1469793682, Moistures: 0.35, 12.56, 49.38, 46.53, 22.01, 0.85, 1.47, Rain: 0.01
Time: 1469793687, Moistures: 0.44, 12.56, 49.46, 46.91, 23.28, 0.97, 1.11, Rain: 0.01
Time: 1469793692, Moistures: 0.38, 12.78, 49.54, 46.68, 22.43, 1.06, 1.14, Rain: 0.01
Time: 1469793697, Moistures: 0.59, 12.12, 49.00, 46.29, 21.87, 0.76, 1.17, Rain: 0.01
Time: 1469793702, Moistures: 0.26, 12.34, 48.84, 46.76, 22.29, 0.79, 1.17, Rain: 0.01
Time: 1469793707, Moistures: 0.38, 12.71, 49.30, 47.68, 23.42, 1.11, 1.23, Rain: 0.01
Time: 1469793712, Moistures: 0.38, 12.19, 48.92, 46.99, 21.59, 0.82, 1.55, Rain: 0.01
Time: 1469793717, Moistures: 0.67, 12.34, 48.92, 47.61, 22.15, 0.70, 1.26, Rain: 0.01
Time: 1469793722, Moistures: 0.35, 13.00, 49.69, 48.30, 23.84, 1.00, 1.29, Rain: 0.01
Time: 1469793727, Moistures: 0.67, 12.12, 49.00, 47.76, 21.87, 0.70, 1.50, Rain: 0.01
Time: 1469793732, Moistures: 0.53, 12.27, 48.92, 48.22, 22.86, 0.91, 1.29, Rain: 0.01
Time: 1469793737, Moistures: 0.29, 12.34, 48.76, 48.53, 22.58, 0.85, 1.47, Rain: 0.01
Time: 1469793742, Moistures: 0.38, 12.85, 49.61, 49.30, 23.70, 0.97, 1.41, Rain: 0.01
Time: 1469793747, Moistures: 0.41, 12.78, 49.69, 49.46, 23.00, 0.82, 1.41, Rain: 0.01
Time: 1469793752, Moistures: 0.41, 12.93, 49.54, 49.77, 23.00, 0.73, 1.47, Rain: 0.01
Time: 1469793757, Moistures: 0.26, 12.34, 48.92, 49.15, 22.86, 0.67, 1.55, Rain: 0.01
Time: 1469793762, Moistures: 0.38, 12.85, 49.30, 0.00, 23.00, 1.09, 1.52, Rain: 0.01
Time: 1469793767, Moistures: 0.35, 13.07, 49.61, 0.00, 23.00, 0.79, 1.55, Rain: 0.01
Time: 1469793772, Moistures: 0.32, 13.00, 49.77, 50.00, 22.86, 0.70, 1.61, Rain: 0.01
Time: 1469793777, Moistures: 0.67, 12.12, 49.07, 0.00, 24.27, 0.91, 1.50, Rain: 0.01
Time: 1469793782, Moistures: 0.29, 13.00, 49.61, 0.00, 23.28, 1.11, 1.58, Rain: 0.01
Time: 1469793787, Moistures: 0.29, 12.34, 49.07, 0.00, 23.28, 0.70, 1.70, Rain: 0.01
Time: 1469793792, Moistures: 0.29, 13.07, 49.07, 0.00, 23.28, 0.70, 1.70, Rain: 0.01
Time: 1469793797, Moistures: 0.59, 12.41, 49.23, 0.00, 24.83, 1.14, 1.55, Rain: 0.01
Time: 1469793802, Moistures: 0.35, 12.12, 48.92, 0.00, 23.56, 0.70, 1.76, Rain: 0.01
Time: 1469793807, Moistures: 0.35, 12.41, 48.84, 0.00, 23.14, 0.76, 2.08, Rain: 0.01
Time: 1469793812, Moistures: 0.29, 12.27, 48.76, 0.00, 23.28, 0.56, 2.02, Rain: 0.01
Time: 1469793817, Moistures: 0.56, 12.12, 48.92, 0.00, 23.56, 0.94, 1.76, Rain: 0.01
Time: 1469793822, Moistures: 0.41, 12.12, 49.15, 0.00, 24.41, 0.97, 1.76, Rain: 0.01
Time: 1469793827, Moistures: 0.35, 12.27, 49.15, 0.00, 23.84, 0.88, 1.94, Rain: 0.01
Time: 1469793832, Moistures: 0.38, 12.27, 49.30, 0.00, 25.54, 1.09, 1.79, Rain: 0.01
Time: 1469793837, Moistures: 0.62, 12.27, 49.07, 0.00, 24.69, 0.73, 1.91, Rain: 0.01
Time: 1469793842, Moistures: 0.35, 12.71, 49.92, 0.00, 25.82, 1.06, 1.96, Rain: 0.01
Time: 1469793847, Moistures: 0.41, 12.34, 49.00, 0.00, 24.55, 0.73, 2.17, Rain: 0.01
Time: 1469793852, Moistures: 0.32, 13.15, 49.77, 0.00, 24.83, 0.82, 2.08, Rain: 0.01
Time: 1469793857, Moistures: 0.50, 12.34, 49.23, 0.00, 24.83, 0.85, 2.08, Rain: 0.01
Time: 1469793862, Moistures: 0.41, 12.56, 49.15, 0.00, 25.68, 0.88, 2.23, Rain: 0.01
Time: 1469793867, Moistures: 0.29, 12.41, 49.54, 0.00, 24.69, 0.79, 2.23, Rain: 0.01
Time: 1469793872, Moistures: 0.32, 13.15, 0.00, 0.00, 23.70, 0.47, 2.58, Rain: 0.01
Time: 1469793877, Moistures: 0.29, 12.93, 0.00, 0.00, 25.25, 0.79, 2.38, Rain: 0.01
Time: 1469793882, Moistures: 0.38, 12.71, 0.00, 0.00, 25.11, 1.06, 2.58, Rain: 0.01
Time: 1469793887, Moistures: 0.26, 12.49, 0.00, 0.00, 24.83, 0.26, 2.64, Rain: 0.01
Time: 1469793892, Moistures: 0.56, 11.97, 49.07, 0.00, 25.40, 0.70, 2.67, Rain: 0.01
Time: 1469793897, Moistures: 0.35, 12.27, 49.46, 0.00, 25.25, 1.00, 2.52, Rain: 0.01
Time: 1469793902, Moistures: 0.29, 12.71, 49.61, 0.00, 26.10, 0.85, 2.49, Rain: 0.01
Time: 1469793907, Moistures: 0.41, 12.27, 49.07, 0.00, 25.25, 0.65, 2.84, Rain: 0.01
Time: 1469793912, Moistures: 0.35, 12.27, 49.38, 0.00, 25.82, 0.82, 2.67, Rain: 0.01
Time: 1469793917, Moistures: 0.47, 12.12, 49.15, 0.00, 26.10, 0.73, 2.55, Rain: 0.01
Time: 1469793922, Moistures: 0.38, 12.41, 49.84, 0.00, 27.23, 0.91, 2.58, Rain: 0.01
Time: 1469793927, Moistures: 0.29, 12.41, 49.61, 0.00, 26.81, 0.85, 2.55, Rain: 0.01
Time: 1469793932, Moistures: 0.44, 12.19, 49.15, 0.00, 26.52, 0.67, 2.84, Rain: 0.01
Time: 1469793937, Moistures: 0.38, 12.49, 49.38, 0.00, 26.95, 0.67, 3.02, Rain: 0.01
Time: 1469793942, Moistures: 0.65, 12.19, 49.30, 0.00, 27.23, 0.91, 2.67, Rain: 0.01
Time: 1469793947, Moistures: 0.29, 13.07, 50.00, 0.00, 28.36, 0.94, 2.70, Rain: 0.01
Time: 1469793952, Moistures: 0.47, 12.27, 49.54, 0.00, 27.09, 0.79, 2.87, Rain: 0.01
Time: 1469793957, Moistures: 0.38, 12.56, 50.00, 0.00, 27.65, 0.70, 2.79, Rain: 0.01
Time: 1469793962, Moistures: 0.56, 12.12, 49.38, 0.00, 28.22, 0.73, 2.93, Rain: 0.01
Time: 1469793967, Moistures: 0.41, 12.27, 49.77, 0.00, 28.07, 0.91, 2.82, Rain: 0.01
Time: 1469793972, Moistures: 0.38, 12.34, 49.69, 0.00, 27.37, 0.70, 2.96, Rain: 0.01
Time: 1469793977, Moistures: 0.32, 12.34, 49.69, 0.00, 29.34, 1.14, 2.84, Rain: 0.01
Time: 1469793982, Moistures: 0.41, 12.19, 49.46, 0.00, 28.07, 0.88, 3.05, Rain: 0.01
Time: 1469793987, Moistures: 0.29, 13.00, 0.00, 0.00, 27.93, 0.88, 2.99, Rain: 0.01
Time: 1469793992, Moistures: 0.29, 12.49, 49.38, 0.00, 28.92, 0.70, 3.02, Rain: 0.01
Time: 1469793997, Moistures: 0.29, 12.63, 0.00, 0.00, 28.36, 1.06, 3.37, Rain: 0.01
Time: 1469794002, Moistures: 0.32, 12.34, 49.69, 0.00, 29.63, 1.09, 3.05, Rain: 0.01
Time: 1469794007, Moistures: 0.35, 12.34, 49.84, 0.00, 28.92, 1.11, 3.23, Rain: 0.01
Time: 1469794012, Moistures: 0.53, 12.12, 49.61, 0.00, 28.50, 0.85, 3.23, Rain: 0.01
Time: 1469794017, Moistures: 0.29, 12.78, 0.00, 0.00, 28.92, 0.82, 3.34, Rain: 0.01
Time: 1469794022, Moistures: 0.41, 12.56, 0.00, 0.00, 29.06, 1.23, 3.17, Rain: 0.01
Time: 1469794027, Moistures: 0.59, 12.12, 49.54, 0.00, 28.92, 0.79, 3.23, Rain: 0.01
Time: 1469794032, Moistures: 0.41, 12.63, 49.77, 0.00, 29.63, 0.70, 3.52, Rain: 0.01
Time: 1469794037, Moistures: 0.53, 12.19, 49.84, 0.00, 29.77, 1.17, 3.17, Rain: 0.01
Time: 1469794042, Moistures: 0.67, 12.19, 49.77, 0.00, 29.48, 0.73, 3.40, Rain: 0.01
Time: 1469794047, Moistures: 0.50, 12.41, 50.00, 0.00, 30.19, 1.09, 3.26, Rain: 0.01
Time: 1469794052, Moistures: 0.41, 12.63, 0.00, 0.00, 30.89, 1.14, 3.31, Rain: 0.01
Time: 1469794057, Moistures: 0.50, 12.41, 0.00, 0.00, 30.47, 0.76, 3.67, Rain: 0.01
Time: 1469794062, Moistures: 0.62, 12.12, 0.00, 0.00, 31.88, 0.91, 3.40, Rain: 0.01
Time: 1469794067, Moistures: 0.35, 12.85, 0.00, 0.00, 30.89, 0.97, 3.40, Rain: 0.01
Time: 1469794072, Moistures: 0.32, 12.34, 0.00, 0.00, 30.75, 0.70, 3.78, Rain: 0.01
Time: 1469794077, Moistures: 0.29, 12.63, 0.00, 0.00, 30.89, 0.79, 3.70, Rain: 0.01
Time: 1469794082, Moistures: 0.67, 12.19, 0.00, 0.00, 31.18, 0.88, 3.72, Rain: 0.01
Time: 1469794087, Moistures: 0.41, 12.56, 50.00, 0.00, 31.18, 0.82, 3.70, Rain: 0.01
Time: 1469794092, Moistures: 0.53, 12.19, 49.38, 0.00, 31.18, 0.97, 3.67, Rain: 0.01
Time: 1469794097, Moistures: 0.67, 12.19, 49.69, 0.00, 31.74, 0.62, 3.78, Rain: 0.01
Time: 1469794102, Moistures: 0.29, 13.07, 0.00, 0.00, 31.46, 0.79, 3.87, Rain: 0.01
Time: 1469794107, Moistures: 0.41, 12.27, 0.00, 0.00, 33.57, 0.85, 3.99, Rain: 0.01
Time: 1469794112, Moistures: 0.32, 12.78, 0.00, 0.00, 32.16, 1.20, 3.96, Rain: 0.01
Time: 1469794117, Moistures: 0.38, 12.56, 0.00, 0.00, 33.71, 1.11, 3.99, Rain: 0.01
Time: 1469794122, Moistures: 0.35, 12.41, 0.00, 0.00, 32.02, 0.73, 4.08, Rain: 0.01
Time: 1469794127, Moistures: 0.47, 12.27, 0.00, 0.00, 32.02, 0.79, 4.28, Rain: 0.01
Time: 1469794132, Moistures: 0.29, 13.07, 0.00, 0.00, 32.02, 0.73, 4.22, Rain: 0.01
Time: 1469794137, Moistures: 0.56, 12.34, 0.00, 0.00, 32.59, 0.82, 4.40, Rain: 0.01
Time: 1469794142, Moistures: 0.67, 12.12, 0.00, 0.00, 34.00, 0.85, 4.16, Rain: 0.01
Time: 1469794147, Moistures: 0.35, 12.34, 0.00, 0.00, 32.59, 0.85, 4.40, Rain: 0.01
Time: 1469794152, Moistures: 0.41, 12.56, 0.00, 0.00, 34.28, 1.11, 4.16, Rain: 0.01
Time: 1469794157, Moistures: 0.65, 12.12, 0.00, 0.00, 33.15, 0.82, 4.60, Rain: 0.01
Time: 1469794162, Moistures: 0.59, 12.12, 0.00, 0.00, 34.00, 0.82, 4.63, Rain: 0.01
Time: 1469794167, Moistures: 0.26, 13.07, 0.00, 0.00, 33.29, 0.94, 4.43, Rain: 0.01
Time: 1469794172, Moistures: 0.62, 12.19, 0.00, 0.00, 34.14, 0.88, 4.72, Rain: 0.01
Time: 1469794177, Moistures: 0.41, 12.49, 0.00, 0.00, 33.01, 0.70, 4.66, Rain: 0.01
Time: 1469794182, Moistures: 0.67, 12.12, 0.00, 0.00, 35.55, 0.79, 4.75, Rain: 0.01
Time: 1469794187, Moistures: 0.67, 12.19, 0.00, 0.00, 34.56, 0.94, 4.78, Rain: 0.01
Time: 1469794192, Moistures: 0.26, 13.07, 0.00, 0.00, 33.29, 0.76, 4.69, Rain: 0.01
Time: 1469794197, Moistures: 0.29, 12.78, 0.00, 0.00, 35.55, 0.65, 4.52, Rain: 0.01
Time: 1469794202, Moistures: 0.29, 12.93, 0.00, 0.00, 35.69, 1.06, 4.57, Rain: 0.01
Time: 1469794207, Moistures: 0.41, 12.19, 0.00, 0.00, 34.70, 0.85, 4.84, Rain: 0.01
Time: 1469794212, Moistures: 0.32, 12.93, 0.00, 0.00, 35.41, 1.00, 4.66, Rain: 0.01
Time: 1469794217, Moistures: 0.23, 12.93, 0.00, 0.00, 34.14, 0.97, 4.72, Rain: 0.01
Time: 1469794222, Moistures: 0.29, 12.56, 0.00, 0.00, 35.69, 1.20, 4.66, Rain: 0.01
Time: 1469794227, Moistures: 0.26, 13.00, 0.00, 0.00, 35.69, 1.03, 4.66, Rain: 0.01
Time: 1469794232, Moistures: 0.26, 12.78, 0.00, 0.00, 35.41, 1.61, 4.60, Rain: 0.01
Time: 1469794237, Moistures: 0.29, 12.78, 0.00, 0.00, 35.97, 1.14, 4.69, Rain: 0.01
Time: 1469794242, Moistures: 0.26, 13.00, 0.00, 0.00, 34.84, 0.97, 4.75, Rain: 0.01
Time: 1469794247, Moistures: 0.35, 12.41, 0.00, 0.00, 34.56, 0.94, 5.13, Rain: 0.01
Time: 1469794252, Moistures: 0.44, 12.34, 0.00, 0.00, 34.42, 0.79, 4.93, Rain: 0.01
Time: 1469794257, Moistures: 0.38, 12.41, 0.00, 0.00, 34.70, 0.67, 5.16, Rain: 0.01
Time: 1469794262, Moistures: 0.35, 12.34, 0.00, 0.00, 34.98, 0.88, 4.93, Rain: 0.01
Time: 1469794267, Moistures: 0.67, 12.27, 0.00, 0.00, 36.11, 0.97, 5.31, Rain: 0.01
Time: 1469794272, Moistures: 0.26, 13.07, 0.00, 0.00, 35.41, 0.85, 4.96, Rain: 0.01
Time: 1469794277, Moistures: 0.67, 12.27, 0.00, 0.00, 36.39, 0.82, 5.37, Rain: 0.01
Time: 1469794282, Moistures: 0.35, 12.85, 0.00, 0.00, 35.97, 1.17, 4.96, Rain: 0.01
Time: 1469794287, Moistures: 0.38, 12.56, 0.00, 0.00, 37.38, 0.94, 5.07, Rain: 0.01
Time: 1469794292, Moistures: 0.29, 13.22, 0.00, 0.00, 35.69, 0.85, 5.07, Rain: 0.01
Time: 1469794297, Moistures: 0.41, 12.27, 0.00, 0.00, 36.82, 0.79, 5.40, Rain: 0.01
Time: 1469794302, Moistures: 0.67, 12.27, 0.00, 0.00, 36.82, 0.79, 5.40, Rain: 0.01
Time: 1469794307, Moistures: 0.26, 13.15, 0.00, 0.00, 36.39, 1.26, 5.07, Rain: 0.01
Time: 1469794312, Moistures: 0.65, 12.19, 0.00, 0.00, 37.24, 0.79, 5.51, Rain: 0.01
Time: 1469794317, Moistures: 0.23, 13.07, 0.00, 0.00, 35.97, 0.88, 5.16, Rain: 0.01
Time: 1469794322, Moistures: 0.53, 12.34, 0.00, 0.00, 36.11, 0.79, 5.48, Rain: 0.01
Time: 1469794327, Moistures: 0.56, 12.19, 0.00, 0.00, 36.39, 0.79, 5.31, Rain: 0.01
Time: 1469794332, Moistures: 0.35, 12.78, 0.00, 0.00, 38.09, 0.85, 5.34, Rain: 0.01
Time: 1469794337, Moistures: 0.38, 12.49, 0.00, 0.00, 36.82, 0.82, 5.63, Rain: 0.01
Time: 1469794342, Moistures: 0.32, 13.00, 0.00, 0.00, 36.96, 1.32, 5.37, Rain: 0.01
Time: 1469794347, Moistures: 0.35, 12.85, 0.00, 0.00, 36.96, 1.06, 5.31, Rain: 0.01
Time: 1469794352, Moistures: 0.29, 13.15, 0.00, 0.00, 37.52, 1.32, 5.34, Rain: 0.01
Time: 1469794357, Moistures: 0.32, 13.00, 0.00, 0.00, 39.07, 1.11, 5.43, Rain: 0.01
Time: 1469794362, Moistures: 0.29, 13.15, 0.00, 0.00, 36.96, 1.38, 5.34, Rain: 0.01
Time: 1469794367, Moistures: 0.41, 12.34, 0.00, 0.00, 37.94, 1.03, 5.48, Rain: 0.01
Time: 1469794372, Moistures: 0.29, 12.85, 0.00, 0.00, 39.21, 1.03, 5.43, Rain: 0.01
Time: 1469794377, Moistures: 0.67, 12.27, 0.00, 0.00, 37.10, 0.85, 5.78, Rain: 0.01
Time: 1469794382, Moistures: 0.67, 12.34, 0.00, 0.00, 37.38, 0.53, 5.72, Rain: 0.01
Time: 1469794387, Moistures: 0.41, 12.49, 0.00, 0.00, 38.23, 0.35, 5.84, Rain: 0.01
Time: 1469794392, Moistures: 0.56, 12.41, 0.00, 0.00, 39.50, 1.09, 5.89, Rain: 0.01
Time: 1469794397, Moistures: 0.44, 12.49, 0.00, 0.00, 37.66, 1.20, 5.63, Rain: 0.01
Time: 1469794402, Moistures: 0.29, 12.78, 0.00, 0.00, 39.07, 1.17, 5.57, Rain: 0.01
Time: 1469794407, Moistures: 0.44, 12.49, 0.00, 0.00, 38.09, 0.97, 5.54, Rain: 0.01
Time: 1469794412, Moistures: 0.29, 12.85, 0.00, 0.00, 40.04, 0.91, 5.72, Rain: 0.01
Time: 1469794417, Moistures: 0.44, 12.49, 0.00, 0.00, 37.66, 0.91, 5.60, Rain: 0.01
Time: 1469794422, Moistures: 0.47, 12.41, 0.00, 0.00, 38.23, 1.00, 5.66, Rain: 0.01
Time: 1469794427, Moistures: 0.29, 13.15, 0.00, 0.00, 39.21, 0.97, 5.63, Rain: 0.01
Time: 1469794432, Moistures: 0.59, 12.41, 0.00, 0.00, 39.21, 0.91, 5.72, Rain: 0.01
Time: 1469794437, Moistures: 0.32, 12.49, 0.00, 0.00, 38.09, 1.20, 5.63, Rain: 0.01
Time: 1469794442, Moistures: 0.35, 12.78, 0.00, 0.00, 38.65, 0.82, 6.07, Rain: 0.01
Time: 1469794447, Moistures: 0.29, 12.71, 0.00, 0.00, 39.78, 0.94, 6.07, Rain: 0.01
Time: 1469794452, Moistures: 0.26, 13.07, 0.00, 0.00, 40.04, 1.17, 5.72, Rain: 0.01
Time: 1469794457, Moistures: 0.26, 13.15, 0.00, 0.00, 37.94, 1.11, 5.81, Rain: 0.01
Time: 1469794462, Moistures: 0.38, 13.15, 0.00, 0.00, 37.52, 1.20, 5.81, Rain: 0.01
Time: 1469794467, Moistures: 0.26, 13.15, 0.00, 0.00, 37.52, 1.09, 5.92, Rain: 0.01
Time: 1469794472, Moistures: 0.35, 12.71, 0.00, 0.00, 33.43, 0.88, 6.16, Rain: 0.01
Time: 1469794477, Moistures: 0.41, 13.15, 0.00, 0.00, 31.46, 1.06, 5.92, Rain: 0.01
Time: 1469794482, Moistures: 0.38, 13.22, 0.00, 0.00, 29.63, 1.11, 5.87, Rain: 0.01
Time: 1469794487, Moistures: 0.53, 12.56, 0.00, 0.00, 27.65, 1.06, 5.92, Rain: 0.01
Time: 1469794492, Moistures: 0.35, 12.63, 0.00, 0.00, 27.23, 1.11, 5.89, Rain: 0.01
Time: 1469794497, Moistures: 0.41, 12.56, 49.61, 0.00, 25.54, 1.32, 5.81, Rain: 0.01
Time: 1469794502, Moistures: 0.29, 12.56, 49.38, 0.00, 21.87, 1.20, 5.78, Rain: 0.01
Time: 1469794507, Moistures: 0.32, 13.15, 49.38, 0.00, 19.47, 0.88, 5.75, Rain: 0.01
Time: 1469794512, Moistures: 0.38, 12.41, 47.14, 0.00, 14.90, 1.23, 5.78, Rain: 0.01
Time: 1469794517, Moistures: 0.38, 12.41, 45.68, 0.00, 13.00, 0.97, 6.10, Rain: 0.01
Time: 1469794522, Moistures: 0.35, 13.15, 45.14, 0.00, 10.65, 0.85, 5.92, Rain: 0.01
Time: 1469794527, Moistures: 0.38, 13.07, 44.44, 0.00, 10.59, 0.97, 5.89, Rain: 0.01
Time: 1469794532, Moistures: 0.38, 12.49, 42.97, 0.00, 10.56, 1.26, 5.66, Rain: 0.01
Time: 1469794537, Moistures: 0.70, 12.34, 40.66, 0.00, 9.62, 1.32, 5.60, Rain: 0.01
Time: 1469794542, Moistures: 0.70, 12.34, 40.20, 0.00, 8.24, 1.00, 5.81, Rain: 0.01
Time: 1469794547, Moistures: 0.67, 12.41, 39.92, 0.00, 7.42, 1.09, 5.87, Rain: 0.01
Time: 1469794552, Moistures: 0.62, 12.49, 39.78, 0.00, 6.28, 0.76, 5.57, Rain: 0.01
Time: 1469794557, Moistures: 0.32, 12.93, 35.69, 0.00, 5.78, 1.32, 5.37, Rain: 0.01
Time: 1469794562, Moistures: 0.29, 12.71, 34.14, 0.00, 5.54, 0.97, 5.31, Rain: 0.01
Time: 1469794567, Moistures: 0.29, 12.63, 33.15, 0.00, 5.43, 0.97, 5.25, Rain: 0.01
Time: 1469794572, Moistures: 0.53, 12.63, 33.86, 0.00, 4.81, 1.03, 5.57, Rain: 0.01
Time: 1469794577, Moistures: 0.50, 13.22, 32.45, 0.00, 4.46, 0.88, 5.19, Rain: 0.01
Time: 1469794582, Moistures: 0.38, 13.22, 31.46, 0.00, 4.40, 0.85, 5.10, Rain: 0.01
Time: 1469794587, Moistures: 0.70, 12.41, 30.19, 0.00, 4.34, 1.11, 5.34, Rain: 0.01
Time: 1469794592, Moistures: 0.41, 12.41, 29.34, 0.00, 4.28, 1.23, 5.34, Rain: 0.01
Time: 1469794597, Moistures: 0.38, 13.29, 29.06, 0.00, 3.96, 0.97, 5.04, Rain: 0.01
Time: 1469794602, Moistures: 0.35, 12.56, 28.50, 0.00, 3.75, 1.03, 5.31, Rain: 0.01
Time: 1469794607, Moistures: 0.32, 12.63, 27.93, 0.00, 3.81, 1.00, 5.07, Rain: 0.01
Time: 1469794612, Moistures: 0.35, 13.22, 27.65, 0.00, 4.11, 1.29, 4.90, Rain: 0.01
Time: 1469794617, Moistures: 0.38, 12.41, 28.78, 0.00, 3.61, 0.94, 4.72, Rain: 0.01
Time: 1469794622, Moistures: 0.26, 12.78, 26.95, 0.00, 3.70, 0.91, 4.78, Rain: 0.01
Time: 1469794627, Moistures: 0.59, 13.15, 26.81, 0.00, 3.96, 1.26, 4.78, Rain: 0.01
Time: 1469794632, Moistures: 0.35, 13.07, 26.24, 0.00, 3.84, 1.17, 4.93, Rain: 0.01
Time: 1469794637, Moistures: 0.32, 12.49, 26.52, 0.00, 3.61, 0.94, 4.63, Rain: 0.01
Time: 1469794642, Moistures: 0.53, 13.07, 25.82, 0.00, 3.26, 1.29, 4.63, Rain: 0.01
Time: 1469794647, Moistures: 0.29, 12.56, 26.10, 0.00, 3.34, 0.97, 4.75, Rain: 0.01
Time: 1469794652, Moistures: 0.59, 13.29, 25.40, 0.00, 3.28, 0.94, 4.63, Rain: 0.01
Time: 1469794657, Moistures: 0.44, 12.49, 25.68, 0.00, 3.70, 1.09, 4.69, Rain: 0.01
Time: 1469794662, Moistures: 0.41, 12.41, 26.52, 0.00, 3.02, 0.91, 4.46, Rain: 0.01
Time: 1469794667, Moistures: 0.67, 13.00, 24.97, 0.00, 3.11, 0.91, 4.46, Rain: 0.01
Time: 1469794672, Moistures: 0.56, 13.29, 24.69, 0.00, 3.23, 0.94, 4.55, Rain: 0.01
Time: 1469794677, Moistures: 0.29, 12.41, 25.54, 0.00, 2.90, 1.00, 4.40, Rain: 0.01
Time: 1469794682, Moistures: 0.32, 12.71, 24.97, 0.00, 3.08, 0.97, 4.37, Rain: 0.01
Time: 1469794687, Moistures: 0.32, 12.49, 26.38, 0.00, 2.99, 1.26, 4.40, Rain: 0.01
Time: 1469794692, Moistures: 0.62, 13.29, 24.27, 0.00, 2.96, 0.97, 4.34, Rain: 0.01
Time: 1469794697, Moistures: 0.32, 12.41, 25.96, 0.00, 3.08, 1.23, 4.66, Rain: 0.01
Time: 1469794702, Moistures: 0.65, 13.00, 24.41, 0.00, 2.90, 1.03, 4.25, Rain: 0.01
Time: 1469794707, Moistures: 0.44, 12.56, 24.27, 0.00, 3.02, 1.00, 4.22, Rain: 0.01
Time: 1469794712, Moistures: 0.29, 12.41, 24.97, 0.00, 3.23, 1.09, 4.40, Rain: 0.01
Time: 1469794717, Moistures: 0.32, 12.63, 25.54, 0.00, 2.84, 1.26, 4.46, Rain: 0.01
Time: 1469794722, Moistures: 0.35, 12.41, 24.69, 0.00, 3.17, 0.85, 4.08, Rain: 0.01
Time: 1469794727, Moistures: 0.47, 12.78, 24.41, 0.00, 2.87, 1.29, 4.31, Rain: 0.01
Time: 1469794732, Moistures: 0.67, 13.29, 23.42, 0.00, 2.64, 0.94, 4.13, Rain: 0.01
Time: 1469794737, Moistures: 0.29, 12.41, 25.25, 0.00, 2.76, 1.11, 4.25, Rain: 0.01
Time: 1469794742, Moistures: 0.41, 12.49, 23.56, 0.00, 2.70, 0.97, 4.46, Rain: 0.01
Time: 1469794747, Moistures: 0.53, 13.07, 23.70, 0.00, 2.73, 1.11, 4.40, Rain: 0.01
Time: 1469794752, Moistures: 0.70, 13.22, 23.00, 0.00, 2.61, 1.29, 4.31, Rain: 0.01
Time: 1469794757, Moistures: 0.53, 13.00, 25.11, 0.00, 2.67, 1.06, 4.02, Rain: 0.01
Time: 1469794762, Moistures: 0.32, 12.34, 23.99, 0.00, 2.58, 1.03, 4.08, Rain: 0.01
Time: 1469794767, Moistures: 0.35, 12.41, 23.56, 0.00, 2.49, 0.67, 4.05, Rain: 0.01
Time: 1469794772, Moistures: 0.35, 12.56, 24.97, 0.00, 2.79, 1.00, 4.02, Rain: 0.01
Time: 1469794777, Moistures: 0.32, 12.41, 23.42, 0.00, 2.49, 1.09, 4.28, Rain: 0.01
Time: 1469794782, Moistures: 0.53, 12.56, 24.55, 0.00, 2.58, 0.91, 4.02, Rain: 0.01
Time: 1469794787, Moistures: 0.62, 12.63, 24.41, 0.00, 2.79, 1.09, 4.05, Rain: 0.01
Time: 1469794792, Moistures: 0.67, 12.93, 24.41, 49.92, 2.79, 1.14, 3.81, Rain: 0.01
Time: 1469794797, Moistures: 0.41, 12.56, 22.43, 49.46, 2.52, 1.00, 3.99, Rain: 0.01
Time: 1469794802, Moistures: 0.35, 12.41, 24.69, 50.00, 2.82, 1.06, 3.90, Rain: 0.01
Time: 1469794807, Moistures: 0.29, 12.34, 22.86, 49.30, 2.73, 0.79, 4.11, Rain: 0.01
Time: 1469794812, Moistures: 0.70, 13.22, 23.42, 49.23, 2.46, 1.17, 3.99, Rain: 0.01
Time: 1469794817, Moistures: 0.32, 12.34, 22.86, 48.84, 2.49, 1.26, 4.05, Rain: 0.01
Time: 1469794822, Moistures: 0.44, 13.29, 23.84, 49.15, 2.87, 0.94, 3.87, Rain: 0.01
Time: 1469794827, Moistures: 0.44, 13.07, 24.27, 49.38, 2.79, 0.94, 3.87, Rain: 0.01
Time: 1469794832, Moistures: 0.47, 12.49, 22.72, 48.92, 2.46, 0.91, 3.99, Rain: 0.01
Time: 1469794837, Moistures: 0.53, 12.63, 24.13, 49.23, 2.61, 0.97, 3.78, Rain: 0.01
Time: 1469794842, Moistures: 0.35, 12.56, 22.15, 48.15, 2.26, 1.23, 3.75, Rain: 0.01
Time: 1469794847, Moistures: 0.67, 12.93, 23.56, 48.84, 2.55, 1.00, 3.81, Rain: 0.01
Time: 1469794852, Moistures: 0.59, 12.34, 22.43, 48.22, 2.43, 1.14, 4.02, Rain: 0.01
Time: 1469794857, Moistures: 0.70, 12.93, 23.84, 48.69, 2.35, 1.09, 3.93, Rain: 0.01
Time: 1469794862, Moistures: 0.67, 12.85, 23.28, 48.69, 2.26, 1.09, 3.90, Rain: 0.01
Time: 1469794867, Moistures: 0.38, 13.22, 22.58, 47.99, 2.38, 0.97, 3.96, Rain: 0.01
Time: 1469794872, Moistures: 0.44, 13.07, 23.84, 48.69, 2.26, 1.20, 3.99, Rain: 0.01
Time: 1469794877, Moistures: 0.67, 12.71, 22.58, 46.76, 2.20, 1.17, 3.52, Rain: 0.01
Time: 1469794882, Moistures: 0.70, 12.71, 23.70, 46.29, 2.14, 1.41, 3.64, Rain: 0.01
Time: 1469794887, Moistures: 0.70, 12.56, 23.14, 45.06, 2.23, 1.26, 3.72, Rain: 0.01
Time: 1469794892, Moistures: 0.38, 13.00, 22.58, 43.28, 2.14, 1.29, 3.52, Rain: 0.01
Time: 1469794897, Moistures: 0.29, 12.63, 22.43, 42.90, 2.49, 1.11, 3.61, Rain: 0.01
Time: 1469794902, Moistures: 0.70, 12.71, 22.72, 42.59, 2.17, 1.47, 3.49, Rain: 0.01
Time: 1469794907, Moistures: 0.41, 13.37, 23.84, 42.82, 2.17, 1.35, 3.49, Rain: 0.01
Time: 1469794912, Moistures: 0.32, 13.00, 23.70, 41.97, 2.17, 1.38, 3.49, Rain: 0.01
Time: 1469794917, Moistures: 0.35, 13.29, 23.42, 41.97, 2.17, 1.17, 3.49, Rain: 0.01
Time: 1469794922, Moistures: 0.53, 12.49, 22.15, 41.59, 2.58, 0.91, 3.61, Rain: 0.01
Time: 1469794927, Moistures: 0.32, 13.15, 23.56, 41.82, 2.17, 1.00, 3.46, Rain: 0.01
Time: 1469794932, Moistures: 0.41, 12.71, 23.56, 41.28, 2.08, 1.17, 3.49, Rain: 0.01
Time: 1469794937, Moistures: 0.56, 12.41, 22.29, 41.05, 2.20, 0.62, 3.55, Rain: 0.01
Time: 1469794942, Moistures: 0.35, 13.29, 23.00, 40.89, 2.17, 0.79, 3.67, Rain: 0.01
Time: 1469794947, Moistures: 0.41, 13.07, 22.29, 40.89, 2.17, 0.88, 3.75, Rain: 0.01
Time: 1469794952, Moistures: 0.32, 12.63, 22.29, 41.51, 2.08, 1.41, 3.40, Rain: 0.01
Time: 1469794957, Moistures: 0.44, 12.63, 21.17, 40.58, 2.49, 1.09, 3.49, Rain: 0.01
Time: 1469794962, Moistures: 0.35, 13.22, 23.00, 40.35, 2.17, 1.06, 3.70, Rain: 0.01
Time: 1469794967, Moistures: 0.41, 12.56, 21.87, 41.20, 2.05, 1.09, 3.37, Rain: 0.01
Time: 1469794972, Moistures: 0.65, 12.27, 21.59, 40.97, 2.05, 1.11, 3.28, Rain: 0.01
Time: 1469794977, Moistures: 0.41, 12.85, 21.31, 40.12, 2.26, 0.82, 3.58, Rain: 0.01
Time: 1469794982, Moistures: 0.67, 12.34, 21.73, 40.35, 2.23, 1.44, 3.31, Rain: 0.01
Time: 1469794987, Moistures: 0.50, 12.27, 21.73, 40.04, 2.14, 1.32, 3.31, Rain: 0.01
Time: 1469794992, Moistures: 0.70, 12.34, 21.59, 40.43, 2.14, 1.26, 3.23, Rain: 0.01
Time: 1469794997, Moistures: 0.35, 12.93, 21.31, 39.35, 2.38, 0.94, 3.31, Rain: 0.01
Time: 1469795002, Moistures: 0.41, 13.07, 23.42, 39.78, 2.17, 0.91, 3.31, Rain: 0.01
Time: 1469795007, Moistures: 0.67, 12.34, 21.59, 40.43, 2.02, 1.29, 3.23, Rain: 0.01
Time: 1469795012, Moistures: 0.65, 12.41, 21.17, 40.43, 2.02, 1.32, 3.20, Rain: 0.01
Time: 1469795017, Moistures: 0.41, 12.56, 23.00, 38.79, 2.29, 1.41, 3.17, Rain: 0.01
Time: 1469795022, Moistures: 0.32, 13.22, 23.00, 38.51, 2.08, 1.14, 3.26, Rain: 0.01
Time: 1469795027, Moistures: 0.70, 12.34, 21.59, 39.64, 1.99, 1.06, 3.31, Rain: 0.01
Time: 1469795032, Moistures: 0.38, 12.63, 21.02, 38.37, 2.11, 1.29, 3.11, Rain: 0.01
Time: 1469795037, Moistures: 0.70, 12.34, 21.31, 39.64, 2.02, 1.20, 3.11, Rain: 0.01
Time: 1469795042, Moistures: 0.35, 12.49, 22.01, 38.09, 2.08, 0.97, 3.20, Rain: 0.01
Time: 1469795047, Moistures: 0.47, 12.56, 22.86, 38.23, 2.32, 1.11, 3.20, Rain: 0.01
Time: 1469795052, Moistures: 0.29, 12.85, 21.02, 38.23, 2.11, 1.20, 3.17, Rain: 0.01
Time: 1469795057, Moistures: 0.38, 13.22, 22.58, 37.66, 2.26, 1.35, 3.17, Rain: 0.01
Time: 1469795062, Moistures: 0.29, 13.00, 21.45, 39.07, 1.91, 1.09, 3.49, Rain: 0.01
Time: 1469795067, Moistures: 0.29, 12.78, 20.74, 38.09, 1.88, 1.14, 3.20, Rain: 0.01
Time: 1469795072, Moistures: 0.29, 12.78, 21.31, 36.68, 1.94, 1.06, 3.23, Rain: 0.01
Time: 1469795077, Moistures: 0.35, 13.15, 22.29, 36.39, 2.05, 1.17, 3.20, Rain: 0.01
Time: 1469795082, Moistures: 0.59, 12.93, 21.31, 35.83, 2.26, 1.03, 3.20, Rain: 0.01
Time: 1469795087, Moistures: 0.41, 13.07, 21.17, 36.25, 2.11, 1.09, 3.28, Rain: 0.01
Time: 1469795092, Moistures: 0.38, 13.15, 21.17, 35.97, 1.99, 1.03, 3.34, Rain: 0.01
Time: 1469795097, Moistures: 0.65, 12.34, 22.58, 35.83, 2.35, 1.20, 3.02, Rain: 0.01
Time: 1469795102, Moistures: 0.59, 12.56, 22.29, 35.69, 2.05, 1.09, 3.26, Rain: 0.01
Time: 1469795107, Moistures: 0.38, 13.22, 21.59, 36.53, 1.99, 1.06, 3.11, Rain: 0.01
Time: 1469795112, Moistures: 0.41, 12.49, 21.31, 35.55, 2.20, 1.35, 3.02, Rain: 0.01
Time: 1469795117, Moistures: 0.56, 13.22, 21.59, 35.41, 2.05, 1.09, 3.34, Rain: 0.01
Time: 1469795122, Moistures: 0.29, 12.71, 21.02, 36.53, 1.94, 1.03, 3.11, Rain: 0.01
Time: 1469795127, Moistures: 0.38, 12.41, 21.31, 36.11, 1.91, 1.03, 3.34, Rain: 0.01
Time: 1469795132, Moistures: 0.65, 12.56, 22.01, 34.70, 2.29, 1.23, 3.08, Rain: 0.01
Time: 1469795137, Moistures: 0.44, 12.34, 22.58, 34.42, 2.26, 1.32, 3.02, Rain: 0.01
Time: 1469795142, Moistures: 0.32, 12.56, 21.59, 34.42, 2.05, 1.03, 2.96, Rain: 0.01
Time: 1469795147, Moistures: 0.67, 12.56, 22.01, 34.42, 2.11, 1.32, 3.08, Rain: 0.01
Time: 1469795152, Moistures: 0.32, 12.63, 21.59, 34.14, 2.35, 1.35, 3.11, Rain: 0.01
Time: 1469795157, Moistures: 0.29, 12.56, 22.15, 34.14, 2.17, 1.17, 3.11, Rain: 0.01
Time: 1469795162, Moistures: 0.32, 12.93, 20.60, 35.55, 2.02, 1.26, 2.96, Rain: 0.01
Time: 1469795167, Moistures: 0.41, 13.22, 21.31, 34.00, 1.79, 0.91, 3.11, Rain: 0.01
Time: 1469795172, Moistures: 0.29, 12.49, 21.45, 33.86, 2.23, 1.00, 3.31, Rain: 0.01
Time: 1469795177, Moistures: 0.38, 12.34, 22.15, 33.71, 2.32, 0.82, 2.99, Rain: 0.01
Time: 1469795182, Moistures: 0.67, 12.63, 20.88, 34.00, 1.94, 1.00, 2.87, Rain: 0.01
Time: 1469795187, Moistures: 0.32, 12.63, 21.59, 32.30, 2.05, 0.79, 2.99, Rain: 0.01
Time: 1469795192, Moistures: 0.44, 12.78, 22.86, 32.73, 1.85, 1.14, 2.96, Rain: 0.01
Time: 1469795197, Moistures: 0.44, 12.71, 21.59, 33.71, 2.23, 1.06, 3.20, Rain: 0.01
Time: 1469795202, Moistures: 0.50, 12.85, 21.17, 32.73, 2.17, 1.20, 3.20, Rain: 0.01
Time: 1469795207, Moistures: 0.82, 13.44, 21.73, 32.16, 2.05, 1.14, 2.96, Rain: 0.01
Time: 1469795212, Moistures: 0.47, 12.78, 22.01, 32.45, 1.99, 1.50, 3.28, Rain: 0.01
Time: 1469795217, Moistures: 0.41, 12.78, 23.14, 33.29, 2.38, 1.00, 2.96, Rain: 0.01
Time: 1469795222, Moistures: 0.44, 12.63, 21.59, 32.16, 2.26, 1.06, 3.05, Rain: 0.01
Time: 1469795227, Moistures: 0.70, 13.44, 21.59, 31.46, 1.88, 1.38, 2.96, Rain: 0.01
Time: 1469795232, Moistures: 0.53, 12.85, 21.59, 31.46, 2.05, 1.14, 2.93, Rain: 0.01
Time: 1469795237, Moistures: 0.44, 12.71, 22.15, 32.87, 2.32, 1.29, 3.02, Rain: 0.01
Time: 1469795242, Moistures: 0.59, 13.00, 21.59, 32.59, 2.32, 1.17, 2.96, Rain: 0.01
Time: 1469795247, Moistures: 0.44, 12.63, 21.02, 32.59, 2.26, 1.23, 2.93, Rain: 0.01
Time: 1469795252, Moistures: 0.50, 12.93, 21.17, 31.32, 1.99, 1.06, 2.93, Rain: 0.01
Time: 1469795257, Moistures: 0.79, 13.22, 21.59, 31.32, 1.96, 1.11, 2.90, Rain: 0.01
Time: 1469795262, Moistures: 0.44, 12.71, 22.15, 32.87, 2.29, 1.20, 3.08, Rain: 0.01
Time: 1469795267, Moistures: 0.47, 12.71, 20.74, 32.02, 2.26, 1.29, 3.05, Rain: 0.01
Time: 1469795272, Moistures: 0.53, 13.07, 22.86, 31.74, 2.20, 1.20, 3.17, Rain: 0.01
Time: 1469795277, Moistures: 0.76, 13.29, 22.72, 32.30, 1.91, 1.20, 2.96, Rain: 0.01
Time: 1469795282, Moistures: 0.44, 12.78, 21.31, 31.32, 2.20, 1.03, 2.90, Rain: 0.01
Time: 1469795287, Moistures: 0.82, 13.44, 21.87, 31.04, 1.94, 1.23, 2.96, Rain: 0.01
Time: 1469795292, Moistures: 0.82, 13.51, 21.45, 30.47, 1.91, 1.14, 2.90, Rain: 0.01
Time: 1469795297, Moistures: 0.50, 13.59, 21.59, 30.89, 1.99, 1.44, 3.26, Rain: 0.01
Time: 1469795302, Moistures: 0.50, 13.07, 21.31, 30.89, 1.88, 1.06, 2.90, Rain: 0.01
Time: 1469795307, Moistures: 0.73, 13.29, 23.00, 32.02, 2.17, 1.29, 2.99, Rain: 0.01
Time: 1469795312, Moistures: 0.79, 13.00, 21.45, 31.32, 2.29, 1.06, 2.96, Rain: 0.01
Time: 1469795317, Moistures: 0.59, 13.51, 21.59, 30.75, 1.96, 1.17, 3.28, Rain: 0.01
Time: 1469795322, Moistures: 0.50, 12.85, 21.59, 30.47, 1.96, 1.26, 3.11, Rain: 0.01
Time: 1469795327, Moistures: 0.44, 12.85, 21.17, 30.33, 1.96, 1.03, 2.87, Rain: 0.01
Time: 1469795332, Moistures: 0.76, 13.15, 22.72, 30.89, 2.08, 1.23, 3.05, Rain: 0.01
Time: 1469795337, Moistures: 0.56, 13.00, 21.73, 30.33, 1.91, 1.11, 2.87, Rain: 0.01
Time: 1469795342, Moistures: 0.50, 12.85, 21.45, 30.05, 1.96, 1.11, 2.87, Rain: 0.01
Time: 1469795347, Moistures: 0.50, 12.85, 21.45, 30.05, 2.08, 1.00, 2.96, Rain: 0.01
Time: 1469795352, Moistures: 0.82, 13.37, 23.00, 31.46, 2.32, 1.14, 2.93, Rain: 0.01
Time: 1469795357, Moistures: 0.56, 13.29, 21.45, 29.77, 1.91, 1.41, 3.23, Rain: 0.01
Time: 1469795362, Moistures: 0.85, 13.37, 22.72, 31.46, 2.26, 1.17, 2.84, Rain: 0.01
Time: 1469795367, Moistures: 0.53, 12.85, 22.01, 30.75, 2.11, 1.09, 2.82, Rain: 0.01
Time: 1469795372, Moistures: 0.82, 13.00, 21.59, 30.05, 2.11, 1.14, 2.90, Rain: 0.01
Time: 1469795377, Moistures: 0.44, 12.85, 21.31, 29.63, 1.91, 1.14, 3.02, Rain: 0.01
Time: 1469795382, Moistures: 0.50, 12.85, 21.02, 29.91, 1.88, 1.20, 2.84, Rain: 0.01
Time: 1469795387, Moistures: 0.56, 13.15, 21.45, 29.48, 1.88, 1.26, 3.11, Rain: 0.01
Time: 1469795392, Moistures: 0.82, 13.15, 22.43, 31.18, 2.32, 1.11, 2.82, Rain: 0.01
Time: 1469795397, Moistures: 0.85, 13.29, 22.86, 31.04, 2.23, 1.17, 2.82, Rain: 0.01
Time: 1469795402, Moistures: 0.62, 13.59, 22.43, 29.63, 2.23, 1.20, 2.84, Rain: 0.01
Time: 1469795407, Moistures: 0.59, 12.93, 21.45, 29.48, 1.94, 1.11, 2.79, Rain: 0.01
Time: 1469795412, Moistures: 0.53, 12.85, 21.59, 29.34, 1.88, 1.17, 2.87, Rain: 0.01
Time: 1469795417, Moistures: 0.56, 13.29, 21.31, 28.92, 1.94, 1.52, 3.11, Rain: 0.01
Time: 1469795422, Moistures: 0.85, 13.29, 23.00, 29.34, 1.94, 1.11, 2.84, Rain: 0.01
Time: 1469795427, Moistures: 0.82, 13.29, 23.00, 29.91, 1.96, 1.11, 2.87, Rain: 0.01
Time: 1469795432, Moistures: 0.53, 12.93, 21.59, 29.20, 1.96, 1.52, 3.11, Rain: 0.01
Time: 1469795437, Moistures: 0.59, 12.78, 21.87, 28.78, 1.91, 1.35, 3.17, Rain: 0.01
Time: 1469795442, Moistures: 0.59, 13.51, 21.59, 29.20, 1.91, 1.58, 2.96, Rain: 0.01
Time: 1469795447, Moistures: 0.59, 13.44, 23.14, 30.47, 2.14, 1.14, 2.79, Rain: 0.01
Time: 1469795452, Moistures: 0.59, 13.51, 23.14, 30.33, 1.91, 1.47, 2.87, Rain: 0.01
Time: 1469795457, Moistures: 0.59, 12.93, 21.59, 28.64, 1.88, 1.17, 3.17, Rain: 0.01
Time: 1469795462, Moistures: 0.70, 13.00, 21.73, 28.92, 1.79, 1.38, 3.08, Rain: 0.01
Time: 1469795467, Moistures: 0.70, 13.15, 22.58, 29.63, 1.88, 1.09, 2.79, Rain: 0.01
Time: 1469795472, Moistures: 0.59, 13.51, 21.73, 28.92, 1.96, 1.50, 2.84, Rain: 0.01
Time: 1469795477, Moistures: 0.85, 13.29, 22.86, 30.05, 2.23, 1.23, 2.79, Rain: 0.01
Time: 1469795482, Moistures: 0.62, 13.00, 21.73, 28.64, 1.82, 1.17, 2.87, Rain: 0.01
Time: 1469795487, Moistures: 0.88, 13.00, 21.31, 28.92, 1.88, 1.20, 2.87, Rain: 0.01
Time: 1469795492, Moistures: 0.56, 13.07, 21.31, 28.36, 1.85, 1.70, 3.14, Rain: 0.01
Time: 1469795497, Moistures: 0.76, 13.59, 23.00, 29.34, 1.96, 1.17, 2.73, Rain: 0.01
Time: 1469795502, Moistures: 0.50, 13.73, 21.73, 28.78, 2.20, 1.32, 2.82, Rain: 0.01
Time: 1469795507, Moistures: 0.50, 12.93, 21.73, 28.64, 1.94, 1.47, 2.99, Rain: 0.01
Time: 1469795512, Moistures: 0.76, 13.15, 22.15, 29.63, 1.91, 1.06, 2.76, Rain: 0.01
Time: 1469795517, Moistures: 0.70, 13.15, 23.14, 29.91, 2.11, 1.06, 2.76, Rain: 0.01
Time: 1469795522, Moistures: 0.53, 12.78, 21.45, 28.50, 1.85, 1.03, 3.08, Rain: 0.01
Time: 1469795527, Moistures: 0.65, 12.93, 21.59, 28.07, 1.82, 1.00, 3.08, Rain: 0.01
Time: 1469795532, Moistures: 0.85, 13.00, 21.31, 28.50, 1.73, 1.35, 3.08, Rain: 0.01
Time: 1469795537, Moistures: 0.59, 13.59, 22.58, 29.63, 1.91, 1.03, 2.76, Rain: 0.01
Time: 1469795542, Moistures: 0.85, 13.22, 22.86, 29.48, 1.88, 1.03, 2.82, Rain: 0.01
Time: 1469795547, Moistures: 0.59, 13.66, 22.72, 29.77, 1.96, 1.29, 2.79, Rain: 0.01
Time: 1469795552, Moistures: 0.82, 13.07, 22.43, 28.50, 1.85, 1.35, 3.05, Rain: 0.01
Time: 1469795557, Moistures: 0.79, 13.29, 22.43, 29.34, 1.82, 1.23, 2.70, Rain: 0.01
Time: 1469795562, Moistures: 0.65, 12.93, 21.45, 27.93, 1.88, 1.23, 3.17, Rain: 0.01
Time: 1469795567, Moistures: 0.67, 12.93, 21.59, 27.65, 1.82, 1.11, 2.96, Rain: 0.01
Time: 1469795572, Moistures: 0.50, 12.93, 21.73, 27.65, 1.85, 1.29, 2.82, Rain: 0.01
Time: 1469795577, Moistures: 0.88, 13.07, 22.43, 28.78, 1.88, 1.20, 2.67, Rain: 0.01
Time: 1469795582, Moistures: 0.59, 13.66, 22.86, 28.22, 1.88, 1.23, 2.79, Rain: 0.01
Time: 1469795587, Moistures: 0.53, 13.00, 21.45, 27.79, 2.02, 1.14, 2.67, Rain: 0.01
Time: 1469795592, Moistures: 0.59, 13.59, 23.14, 29.06, 2.05, 1.09, 2.87, Rain: 0.01
Time: 1469795597, Moistures: 0.59, 13.66, 22.43, 28.78, 1.99, 1.20, 2.73, Rain: 0.01
Time: 1469795602, Moistures: 0.62, 13.29, 21.45, 27.51, 1.82, 1.58, 2.93, Rain: 0.01
Time: 1469795607, Moistures: 0.53, 12.78, 21.17, 27.09, 1.76, 1.32, 2.79, Rain: 0.01
Time: 1469795612, Moistures: 0.56, 12.78, 21.31, 27.09, 1.73, 1.09, 3.08, Rain: 0.01
Time: 1469795617, Moistures: 0.70, 13.15, 22.72, 27.51, 1.85, 1.11, 2.73, Rain: 0.01
Time: 1469795622, Moistures: 0.59, 13.59, 22.86, 28.50, 1.79, 1.26, 2.79, Rain: 0.01
Time: 1469795627, Moistures: 0.50, 13.07, 21.31, 26.95, 1.85, 1.52, 2.99, Rain: 0.01
Time: 1469795632, Moistures: 0.50, 13.00, 21.73, 27.37, 2.17, 1.29, 2.76, Rain: 0.01
Time: 1469795637, Moistures: 0.79, 12.85, 21.02, 27.23, 1.79, 1.14, 2.99, Rain: 0.01
Time: 1469795642, Moistures: 0.50, 13.59, 22.43, 27.51, 1.91, 1.38, 2.73, Rain: 0.01
Time: 1469795647, Moistures: 0.50, 13.22, 21.31, 26.81, 1.73, 1.44, 3.08, Rain: 0.01
Time: 1469795652, Moistures: 0.50, 13.00, 21.45, 27.23, 1.85, 1.61, 2.93, Rain: 0.01
Time: 1469795657, Moistures: 0.88, 13.22, 22.72, 28.50, 1.99, 1.20, 2.73, Rain: 0.01
Time: 1469795662, Moistures: 0.56, 12.85, 21.31, 27.09, 1.85, 1.20, 2.76, Rain: 0.01
Time: 1469795667, Moistures: 0.62, 13.66, 21.87, 28.36, 2.08, 1.11, 2.70, Rain: 0.01
Time: 1469795672, Moistures: 0.88, 13.22, 22.43, 28.22, 2.11, 1.23, 2.70, Rain: 0.01
Time: 1469795677, Moistures: 0.62, 13.07, 22.29, 28.07, 1.82, 1.17, 2.67, Rain: 0.01
Time: 1469795682, Moistures: 0.59, 13.51, 21.45, 26.81, 1.85, 1.70, 3.02, Rain: 0.01
Time: 1469795687, Moistures: 0.79, 13.00, 21.02, 27.09, 1.88, 1.14, 2.64, Rain: 0.01
Time: 1469795692, Moistures: 0.50, 13.00, 21.45, 26.95, 1.82, 1.35, 2.82, Rain: 0.01
Time: 1469795697, Moistures: 0.88, 13.37, 23.00, 27.93, 1.96, 1.32, 2.70, Rain: 0.01
Time: 1469795702, Moistures: 0.73, 13.73, 22.58, 28.22, 2.11, 1.26, 2.79, Rain: 0.01
Time: 1469795707, Moistures: 0.59, 13.37, 22.29, 27.93, 2.17, 1.26, 2.73, Rain: 0.01
Time: 1469795712, Moistures: 0.62, 13.44, 21.31, 26.38, 1.82, 1.26, 2.73, Rain: 0.01
Time: 1469795717, Moistures: 0.62, 13.37, 21.31, 26.52, 1.73, 1.20, 2.73, Rain: 0.01
Time: 1469795722, Moistures: 0.59, 13.44, 21.45, 26.52, 1.79, 1.17, 2.76, Rain: 0.01
Time: 1469795727, Moistures: 0.85, 13.00, 21.45, 27.09, 2.02, 1.17, 2.67, Rain: 0.01
Time: 1469795732, Moistures: 0.50, 13.22, 20.88, 26.24, 1.82, 1.26, 2.73, Rain: 0.01
Time: 1469795737, Moistures: 0.59, 13.07, 21.17, 26.24, 1.85, 1.09, 2.67, Rain: 0.01
Time: 1469795742, Moistures: 0.53, 12.78, 21.31, 27.23, 2.08, 1.23, 2.73, Rain: 0.01
Time: 1469795747, Moistures: 0.62, 13.66, 21.31, 26.24, 1.79, 1.26, 2.76, Rain: 0.01
Time: 1469795752, Moistures: 0.50, 13.00, 21.31, 26.24, 1.76, 1.14, 2.67, Rain: 0.01
Time: 1469795757, Moistures: 0.62, 13.22, 21.45, 26.66, 1.70, 1.11, 2.73, Rain: 0.01
Time: 1469795762, Moistures: 0.53, 13.07, 21.02, 26.81, 1.94, 1.17, 2.70, Rain: 0.01
Time: 1469795767, Moistures: 0.88, 13.22, 22.58, 26.52, 1.76, 1.58, 2.99, Rain: 0.01
Time: 1469795772, Moistures: 0.56, 13.00, 21.31, 26.24, 1.88, 1.23, 2.82, Rain: 0.01
Time: 1469795777, Moistures: 0.62, 13.07, 20.74, 26.52, 2.05, 1.17, 2.73, Rain: 0.01
Time: 1469795782, Moistures: 0.88, 13.66, 22.43, 26.24, 1.73, 1.20, 2.76, Rain: 0.01
Time: 1469795787, Moistures: 0.56, 12.93, 21.59, 27.37, 1.96, 1.41, 2.93, Rain: 0.01
Time: 1469795792, Moistures: 0.76, 13.37, 21.31, 25.82, 1.76, 1.23, 2.79, Rain: 0.01
Time: 1469795797, Moistures: 0.76, 13.66, 21.17, 25.96, 1.76, 1.20, 2.79, Rain: 0.01
Time: 1469795802, Moistures: 0.56, 13.00, 21.59, 26.66, 1.99, 1.20, 2.96, Rain: 0.01
Time: 1469795807, Moistures: 0.59, 12.93, 20.88, 26.10, 1.79, 1.17, 2.73, Rain: 0.01
Time: 1469795812, Moistures: 0.88, 13.51, 22.01, 25.96, 1.73, 1.17, 2.67, Rain: 0.01
Time: 1469795817, Moistures: 0.76, 13.51, 22.29, 25.96, 1.67, 1.26, 2.67, Rain: 0.01
Time: 1469795822, Moistures: 0.85, 13.66, 21.45, 25.82, 1.70, 1.17, 2.76, Rain: 0.01
Time: 1469795827, Moistures: 0.53, 13.07, 22.72, 25.96, 1.79, 1.44, 2.79, Rain: 0.01
Time: 1469795832, Moistures: 0.50, 13.07, 21.31, 27.51, 1.82, 1.17, 2.73, Rain: 0.01
Time: 1469795837, Moistures: 0.56, 12.93, 21.02, 27.37, 2.08, 1.50, 2.82, Rain: 0.01
Time: 1469795842, Moistures: 0.91, 13.73, 21.17, 26.24, 1.99, 1.44, 2.93, Rain: 0.01
Time: 1469795847, Moistures: 0.56, 13.00, 21.31, 27.09, 1.73, 1.23, 2.67, Rain: 0.01
Time: 1469795852, Moistures: 0.50, 12.93, 21.02, 27.37, 1.73, 1.32, 2.79, Rain: 0.01
Time: 1469795857, Moistures: 0.62, 13.51, 21.73, 25.82, 1.79, 1.00, 2.64, Rain: 0.01
Time: 1469795862, Moistures: 0.91, 13.66, 21.02, 26.66, 2.05, 1.26, 2.82, Rain: 0.01
Time: 1469795867, Moistures: 0.70, 13.73, 21.31, 25.82, 1.99, 1.41, 3.05, Rain: 0.01
Time: 1469795872, Moistures: 0.73, 13.59, 20.88, 25.40, 1.67, 1.20, 2.93, Rain: 0.01
Time: 1469795877, Moistures: 0.59, 12.85, 21.59, 26.95, 2.11, 1.52, 2.87, Rain: 0.01
Time: 1469795882, Moistures: 0.73, 13.07, 20.88, 26.24, 2.08, 1.47, 2.87, Rain: 0.01
Time: 1469795887, Moistures: 0.59, 13.22, 22.58, 25.68, 1.70, 1.20, 2.82, Rain: 0.01
Time: 1469795892, Moistures: 0.53, 12.93, 22.29, 25.82, 1.73, 1.32, 2.70, Rain: 0.01
Time: 1469795897, Moistures: 0.56, 12.93, 21.87, 27.09, 1.73, 1.23, 2.73, Rain: 0.01
Time: 1469795902, Moistures: 0.53, 12.85, 22.01, 25.54, 1.79, 1.17, 2.73, Rain: 0.01
Time: 1469795907, Moistures: 0.65, 13.29, 21.31, 25.82, 2.08, 1.35, 2.87, Rain: 0.01
Time: 1469795912, Moistures: 0.62, 12.85, 21.73, 27.23, 1.76, 1.20, 2.76, Rain: 0.01
Time: 1469795917, Moistures: 0.59, 12.93, 21.59, 27.09, 1.50, 1.23, 2.64, Rain: 0.01
Time: 1469795922, Moistures: 0.76, 13.73, 20.88, 25.96, 2.11, 1.55, 2.84, Rain: 0.01
Time: 1469795927, Moistures: 0.73, 13.15, 21.02, 26.24, 1.70, 1.14, 2.79, Rain: 0.01
Time: 1469795932, Moistures: 0.91, 13.07, 21.31, 25.54, 1.70, 1.29, 2.93, Rain: 0.01
Time: 1469795937, Moistures: 0.50, 12.85, 22.43, 25.25, 1.79, 1.20, 2.99, Rain: 0.01
Time: 1469795942, Moistures: 0.62, 13.00, 21.17, 26.95, 1.79, 1.29, 2.70, Rain: 0.01
Time: 1469795947, Moistures: 0.56, 13.22, 20.88, 25.25, 2.05, 1.38, 2.93, Rain: 0.01
Time: 1469795952, Moistures: 0.65, 13.51, 21.02, 26.10, 1.64, 1.29, 2.67, Rain: 0.01
Time: 1469795957, Moistures: 0.91, 13.07, 21.02, 26.52, 1.55, 1.20, 2.82, Rain: 0.01
Time: 1469795962, Moistures: 0.59, 12.85, 22.15, 25.40, 1.73, 1.17, 2.93, Rain: 0.01
Time: 1469795967, Moistures: 0.50, 13.07, 21.17, 25.40, 1.82, 1.58, 2.76, Rain: 0.01
Time: 1469795972, Moistures: 0.91, 13.15, 21.45, 25.54, 1.61, 1.35, 2.84, Rain: 0.01
Time: 1469795977, Moistures: 0.82, 13.59, 20.60, 26.95, 1.76, 1.14, 2.67, Rain: 0.01
Time: 1469795982, Moistures: 0.53, 13.22, 20.88, 25.68, 1.94, 1.64, 2.67, Rain: 0.01
Time: 1469795987, Moistures: 0.56, 12.93, 22.72, 24.97, 1.79, 1.35, 2.93, Rain: 0.01
Time: 1469795992, Moistures: 0.82, 13.66, 20.74, 26.66, 1.79, 1.23, 2.64, Rain: 0.01
Time: 1469795997, Moistures: 0.70, 13.59, 20.74, 26.81, 1.73, 1.14, 2.82, Rain: 0.01
Time: 1469796002, Moistures: 0.56, 13.29, 20.88, 25.54, 2.14, 1.61, 2.70, Rain: 0.01
Time: 1469796007, Moistures: 0.82, 13.44, 21.45, 25.11, 1.91, 1.58, 2.79, Rain: 0.01
Time: 1469796012, Moistures: 0.56, 13.00, 22.29, 25.11, 1.99, 1.55, 3.02, Rain: 0.01
Time: 1469796017, Moistures: 0.53, 13.29, 20.88, 25.11, 1.73, 1.20, 2.82, Rain: 0.01
Time: 1469796022, Moistures: 0.59, 13.59, 20.88, 25.11, 1.73, 1.20, 2.96, Rain: 0.01
Time: 1469796027, Moistures: 0.65, 13.59, 21.17, 26.24, 1.67, 1.26, 2.70, Rain: 0.01
Time: 1469796032, Moistures: 0.62, 12.85, 22.01, 24.83, 2.08, 1.47, 3.02, Rain: 0.01
Time: 1469796037, Moistures: 0.62, 13.07, 21.17, 24.97, 2.11, 1.32, 2.61, Rain: 0.01
Time: 1469796042, Moistures: 0.67, 13.80, 20.88, 26.10, 1.64, 1.29, 2.82, Rain: 0.01
Time: 1469796047, Moistures: 0.79, 13.73, 20.88, 26.24, 1.70, 1.41, 2.93, Rain: 0.01
Time: 1469796052, Moistures: 0.62, 13.07, 21.31, 26.24, 1.73, 1.29, 2.79, Rain: 0.01
Time: 1469796057, Moistures: 0.59, 13.66, 20.88, 25.54, 1.70, 1.26, 2.76, Rain: 0.01
Time: 1469796062, Moistures: 0.53, 13.59, 20.74, 26.10, 1.70, 1.52, 3.05, Rain: 0.01
Time: 1469796067, Moistures: 0.70, 13.15, 21.87, 24.97, 1.70, 1.61, 2.73, Rain: 0.01
Time: 1469796072, Moistures: 0.53, 13.66, 20.88, 25.82, 1.64, 1.29, 2.99, Rain: 0.01
Time: 1469796077, Moistures: 0.82, 13.07, 22.01, 24.69, 1.94, 1.47, 2.58, Rain: 0.01
Time: 1469796082, Moistures: 0.76, 13.66, 20.88, 26.52, 1.73, 1.26, 2.99, Rain: 0.01
Time: 1469796087, Moistures: 0.59, 12.93, 22.15, 25.11, 1.67, 1.50, 2.67, Rain: 0.01
Time: 1469796092, Moistures: 0.62, 13.15, 20.60, 26.10, 1.88, 1.52, 2.64, Rain: 0.01
Time: 1469796097, Moistures: 0.65, 12.93, 21.87, 24.83, 1.76, 1.23, 2.93, Rain: 0.01
Time: 1469796102, Moistures: 0.56, 13.59, 20.46, 26.10, 1.88, 1.73, 2.64, Rain: 0.01
Time: 1469796107, Moistures: 0.56, 13.22, 21.02, 24.97, 1.79, 1.70, 2.64, Rain: 0.01
Time: 1469796112, Moistures: 0.59, 13.15, 21.73, 26.38, 1.70, 1.88, 2.67, Rain: 0.01
Time: 1469796117, Moistures: 0.91, 13.07, 21.87, 24.41, 1.85, 1.29, 2.64, Rain: 0.01
Time: 1469796122, Moistures: 0.56, 13.15, 21.02, 26.10, 1.82, 1.52, 2.61, Rain: 0.01
Time: 1469796127, Moistures: 0.56, 13.29, 21.17, 25.96, 1.67, 1.41, 2.76, Rain: 0.01
Time: 1469796132, Moistures: 0.91, 13.00, 22.15, 24.41, 1.94, 1.29, 2.73, Rain: 0.01
Time: 1469796137, Moistures: 0.65, 13.66, 21.59, 24.69, 1.73, 1.73, 2.61, Rain: 0.01
Time: 1469796142, Moistures: 0.76, 13.00, 21.45, 24.41, 1.99, 1.06, 2.67, Rain: 0.01
Time: 1469796147, Moistures: 0.67, 13.51, 21.87, 24.41, 2.05, 1.20, 2.87, Rain: 0.01
Time: 1469796152, Moistures: 0.62, 13.37, 20.60, 24.69, 1.91, 1.55, 2.70, Rain: 0.01
Time: 1469796157, Moistures: 0.53, 13.37, 20.74, 24.69, 1.91, 1.64, 2.61, Rain: 0.01
Time: 1469796162, Moistures: 0.65, 13.07, 20.88, 25.96, 1.52, 1.64, 2.64, Rain: 0.01
Time: 1469796167, Moistures: 0.73, 12.93, 20.74, 25.96, 1.64, 1.41, 2.64, Rain: 0.01
Time: 1469796172, Moistures: 0.56, 13.88, 21.02, 24.27, 2.02, 1.32, 2.70, Rain: 0.01
Time: 1469796177, Moistures: 0.79, 13.00, 21.59, 24.41, 1.61, 1.17, 3.05, Rain: 0.01
Time: 1469796182, Moistures: 0.67, 13.15, 22.72, 24.27, 1.91, 1.14, 3.02, Rain: 0.01
Time: 1469796187, Moistures: 0.59, 13.00, 20.74, 25.96, 1.64, 1.67, 2.67, Rain: 0.01
Time: 1469796192, Moistures: 0.85, 12.93, 20.60, 25.68, 1.50, 1.52, 2.67, Rain: 0.01
Time: 1469796197, Moistures: 0.65, 13.15, 20.74, 24.69, 1.96, 1.23, 2.70, Rain: 0.01
Time: 1469796202, Moistures: 0.91, 12.93, 21.59, 25.11, 1.67, 1.55, 2.64, Rain: 0.01
Time: 1469796207, Moistures: 0.59, 13.51, 20.88, 24.55, 1.94, 1.38, 2.61, Rain: 0.01
Time: 1469796212, Moistures: 0.76, 13.07, 21.31, 25.96, 1.67, 1.55, 2.58, Rain: 0.01
Time: 1469796217, Moistures: 0.88, 13.07, 21.31, 25.96, 1.44, 1.41, 2.67, Rain: 0.01
Time: 1469796222, Moistures: 0.91, 13.00, 21.45, 25.68, 1.82, 1.70, 2.64, Rain: 0.01
Time: 1469796227, Moistures: 0.62, 13.59, 20.74, 24.13, 2.11, 1.23, 2.96, Rain: 0.01
Time: 1469796232, Moistures: 0.59, 13.80, 22.29, 24.69, 1.67, 1.47, 2.67, Rain: 0.01
Time: 1469796237, Moistures: 0.91, 13.07, 20.88, 25.96, 1.76, 1.35, 2.67, Rain: 0.01
Time: 1469796242, Moistures: 0.65, 13.44, 20.74, 24.27, 2.08, 1.35, 2.61, Rain: 0.01
Time: 1469796247, Moistures: 0.62, 13.66, 20.88, 23.99, 1.94, 1.32, 2.96, Rain: 0.01
Time: 1469796252, Moistures: 0.94, 13.07, 20.60, 23.99, 1.94, 1.29, 2.82, Rain: 0.01
Time: 1469796257, Moistures: 0.88, 13.07, 21.02, 24.27, 1.85, 1.29, 2.90, Rain: 0.01
Time: 1469796262, Moistures: 0.91, 13.07, 20.74, 24.27, 1.96, 1.32, 3.02, Rain: 0.01
Time: 1469796267, Moistures: 0.62, 13.66, 21.17, 23.99, 2.02, 1.26, 2.99, Rain: 0.01
Time: 1469796272, Moistures: 0.62, 13.73, 21.59, 24.27, 1.73, 1.41, 2.64, Rain: 0.01
Time: 1469796277, Moistures: 0.70, 13.07, 20.74, 24.55, 1.94, 1.32, 2.84, Rain: 0.01
Time: 1469796282, Moistures: 0.65, 13.29, 21.45, 25.68, 1.67, 1.55, 2.67, Rain: 0.01
Time: 1469796287, Moistures: 0.82, 13.07, 20.74, 24.27, 1.94, 1.32, 2.87, Rain: 0.01
Time: 1469796292, Moistures: 0.91, 13.29, 20.88, 23.70, 1.73, 1.50, 2.70, Rain: 0.01
Time: 1469796297, Moistures: 0.53, 13.73, 22.29, 25.40, 1.73, 1.35, 2.79, Rain: 0.01
Time: 1469796302, Moistures: 0.56, 13.44, 21.45, 25.68, 1.64, 1.38, 2.73, Rain: 0.01
Time: 1469796307, Moistures: 0.62, 13.88, 21.59, 23.99, 1.70, 1.55, 2.55, Rain: 0.01
Time: 1469796312, Moistures: 0.65, 13.37, 21.17, 23.70, 1.67, 1.52, 2.61, Rain: 0.01
Time: 1469796317, Moistures: 0.62, 13.44, 21.31, 24.69, 1.67, 1.64, 2.64, Rain: 0.01
Time: 1469796322, Moistures: 0.53, 13.88, 21.73, 24.55, 1.55, 1.64, 2.64, Rain: 0.01
Time: 1469796327, Moistures: 0.82, 13.15, 21.17, 23.84, 1.64, 1.70, 2.61, Rain: 0.01
Time: 1469796332, Moistures: 0.53, 13.15, 20.74, 25.11, 1.94, 1.35, 2.61, Rain: 0.01
Time: 1469796337, Moistures: 0.70, 13.07, 20.46, 23.84, 1.73, 1.29, 2.64, Rain: 0.01
Time: 1469796342, Moistures: 0.59, 13.88, 22.29, 24.97, 1.67, 1.38, 2.84, Rain: 0.01
Time: 1469796347, Moistures: 0.85, 13.07, 21.31, 24.13, 1.50, 1.76, 2.64, Rain: 0.01
Time: 1469796352, Moistures: 0.53, 13.15, 20.74, 24.27, 2.02, 1.38, 2.99, Rain: 0.01
Time: 1469796357, Moistures: 0.59, 13.07, 20.60, 23.70, 1.64, 1.73, 2.67, Rain: 0.01
Time: 1469796362, Moistures: 0.62, 13.59, 21.87, 23.84, 1.61, 1.67, 2.70, Rain: 0.01
Time: 1469796367, Moistures: 0.82, 13.15, 20.74, 23.56, 1.58, 1.38, 2.67, Rain: 0.01
Time: 1469796372, Moistures: 0.91, 13.37, 21.45, 24.69, 1.73, 1.29, 2.99, Rain: 0.01
Time: 1469796377, Moistures: 0.59, 13.95, 22.58, 25.25, 1.76, 1.35, 2.73, Rain: 0.01
Time: 1469796382, Moistures: 0.62, 13.00, 21.02, 23.84, 1.67, 1.67, 2.67, Rain: 0.01
Time: 1469796387, Moistures: 0.91, 13.44, 21.59, 24.27, 1.67, 1.38, 3.02, Rain: 0.01
Time: 1469796392, Moistures: 0.91, 13.29, 20.60, 24.13, 1.70, 1.17, 2.99, Rain: 0.01
Time: 1469796397, Moistures: 0.94, 13.37, 21.45, 24.97, 1.73, 1.35, 2.70, Rain: 0.01
Time: 1469796402, Moistures: 0.67, 13.00, 20.32, 23.70, 1.55, 1.61, 2.73, Rain: 0.01
Time: 1469796407, Moistures: 0.65, 13.73, 22.43, 25.54, 1.99, 1.38, 2.67, Rain: 0.01
Time: 1469796412, Moistures: 0.85, 13.29, 21.45, 24.55, 1.67, 1.38, 3.02, Rain: 0.01
Time: 1469796417, Moistures: 0.65, 13.00, 20.74, 23.56, 1.61, 1.26, 2.87, Rain: 0.01
Time: 1469796422, Moistures: 0.56, 13.44, 20.74, 23.84, 1.70, 1.85, 2.67, Rain: 0.01
Time: 1469796427, Moistures: 0.62, 13.00, 20.46, 23.84, 1.67, 1.50, 2.87, Rain: 0.01
Time: 1469796432, Moistures: 0.47, 13.07, 20.88, 23.56, 1.55, 1.55, 2.58, Rain: 0.01
